"day","faeces_c1","faeces_c2","faeces_l1","faeces_l2","faeces_p1","faeces_p2","feed_c1","feed_c2","feed_l1","feed_l2","feed_p1","feed_p2","nh4_1","nh4_2","weight_1","weight_2"
1,3.33109743756084,0.712210127705746,0.736347854618712,0.157435922966534,5.42326038957273,1.15952806756304,4.07506421948861,4.7707855444404,3.6869628652516,4.31642501639846,8.53822979321424,9.99593161692275,540.745767512006,199.956799053248,2.51379893437012,0.95954155555051
2,3.50657886715461,0.755843918410582,0.775138486423651,0.167081287227602,5.70895647143768,1.23056694085091,4.60652978979049,5.06306930992734,4.1678126669533,4.5808722327914,9.65177670241816,10.6083356969906,567.445967521729,203.536682700031,2.6403332733726,0.976341603571862
3,3.68426955551445,0.752375117212022,0.814417480692668,0.166314499594237,5.99824938160948,1.22491948907501,4.37356479328395,5.03983332103746,3.95703481297119,4.55984919522437,9.16365956688066,10.559650767888,606.222849973254,211.007731404656,2.77173432214801,0.994190886085067
4,3.8038056602464,0.752418756619475,0.840841251212362,0.166324146200094,6.19286254861168,1.22499053709276,4.34101406604141,5.0401256424271,3.92758415498985,4.56011367648166,9.09545804313439,10.5602632507996,636.694335311744,215.009872258472,2.90913657026803,1.01258193759219
5,3.91561894156222,0.757194205792635,0.865557871292701,0.167379771806793,6.37490241713989,1.2327653034659,4.41074098881974,5.07211429717554,3.99067041845596,4.58905579268263,9.24155254800327,10.627287098844,665.448092205864,218.186413451646,3.05139636186819,1.03044790190258
6,4.09888310767196,0.802658402900619,0.906068897485382,0.177429752220137,6.67326934020979,1.30678420682767,5.04491421633813,5.37665915818596,4.5644461957345,4.86459638121587,10.5702964532799,11.265381093342,695.804914336431,221.805601533212,3.19720422791622,1.04829592530513
7,4.31539858046319,0.809426248105866,0.953930212523442,0.178925802212876,7.02577172398217,1.31780273375832,4.93737933416385,5.42199400645078,4.46715273091015,4.90561362488403,10.3449852715814,11.3603683944683,741.357438379066,229.89215943853,3.34779167789933,1.06719416840063
8,4.31642100492372,0.727613800315742,0.954156222141033,0.160840945332953,7.027436302753,1.18460632753159,3.89226225435074,4.87396804039253,3.52157061107924,4.40978060797418,8.15521615197298,10.2121235132034,780.667871693113,235.225136741638,3.50501155354018,1.0868909289723
9,4.3763653256662,0.788879071082033,0.96740707198937,0.174383794660239,7.12502986354075,1.28435048765636,4.94769603600541,5.28435741394663,4.47648688971918,4.78108527928504,10.366601218297,11.0719869625548,787.269125762276,230.815336647229,3.66549444189334,1.1044599919939
10,4.6603234210122,0.864392278420323,1.03017675622375,0.191076187861335,7.58733356964792,1.40729128837554,5.97825837577535,5.79018751094953,5.40890043522532,5.23874108133529,12.5258746921007,12.1318214515133,829.455027810274,237.299983589035,3.82624809127461,1.12179775934722
11,5.07420023073676,0.928676018188559,1.12166531416286,0.205286277704839,8.26115405986616,1.51194972785787,6.55527497812484,6.22079629408604,5.93096307544628,5.62833950417309,13.7348618589282,13.034049378085,895.567118426971,250.105132646151,3.99234932403789,1.14217696838482
12,5.37948926218275,0.890959860682559,1.18915025795619,0.196949021835092,8.75818602685191,1.4505451766902,5.51074589434952,5.96815217682097,4.98591295203052,5.39975673140945,11.546324731018,12.5046997990535,972.83854452243,264.773466081445,4.1704277182304,1.16467583076438
13,5.58492852493907,0.935494685695538,1.23456314761811,0.206793562101119,9.09265556340958,1.52305099706221,6.15608145127307,6.26647157882179,5.56978797972325,5.66966476179114,12.898456374096,13.1297499746742,1014.70649914433,268.986678348371,4.36088400453416,1.18688386635262
14,5.84748275020573,0.953234128199304,1.29260145004548,0.21071491254932,9.52011226700161,1.5519320543315,6.25615143141067,6.38530038028243,5.66032748556203,5.77717653454124,13.10812680867,13.378724606306,1075.48410193537,277.902071704009,4.55943548326608,1.20865236087641
15,5.99893134885465,0.914588383560033,1.32607956132577,0.202172168997481,9.76668121357388,1.48901407007669,5.59073023809121,6.12642936356003,5.05827973922538,5.54295990036384,11.7139109750482,12.8363281903163,1135.25801568515,285.817512515473,4.76535177759564,1.23135351699676
16,6.1442593129221,0.959076379651005,1.35820469022489,0.212006357607064,10.0032853375293,1.56144364967742,6.34314595353212,6.42443507900194,5.73903681510049,5.812584119097,13.2904010454959,13.4607211179088,1168.55794780996,286.84024848085,4.97754058738532,1.25316734123448
17,6.36194552906267,0.966462399131547,1.40632480116122,0.213639056650132,10.3576937736318,1.5734686077089,6.361159798598,6.47391080757974,5.75533505587438,5.85734787352453,13.3281443399196,13.5643845492147,1228.16200723344,294.27073946898,5.1938569692834,1.27491086465618
18,6.45737849608061,0.918482031154929,1.42742050965992,0.203032870044774,10.5130653409874,1.4953532015996,5.69821799257762,6.15251121347799,5.15553056471308,5.56655776457532,11.9391234130198,12.8909758758586,1284.17215675681,300.283941632676,5.41545115624593,1.29755586552983
19,6.51010561171078,0.930542200114676,1.43907597732554,0.205698802130613,10.5989087853818,1.51498800299372,6.01091623642179,6.23329703426099,5.43844802342924,5.63964969766471,12.5943006858361,13.0602414051183,1312.19233247581,299.62372027514,5.64137623253978,1.31914921408839
20,6.72782927585931,1.00596654446211,1.48720436624259,0.222371551933731,10.9533781894692,1.63778412852779,7.10377173489723,6.73853187677972,6.4272220458594,6.09676693613403,14.8840931588323,14.1188286942051,1354.31486400619,302.532512685602,5.86864216420885,1.34003556847961
21,7.15008089459379,1.09445144964508,1.58054419775231,0.241931373079438,11.6408334564615,1.78184376363269,8.29597527381006,7.33125372967994,7.50588239059006,6.63303908875805,17.3820434308401,15.3607221002818,1434.28363892046,313.884753470774,6.0995892816443,1.36255173798165
22,7.63665706122655,1.11379866136387,1.68810313985008,0.246208125143593,12.4330136014355,1.81334238200995,8.03092493439482,7.46085227707857,7.26607494064294,6.75029491735681,16.8266998625415,15.6322619138789,1550.86919891312,332.422598237298,6.34064894343324,1.38761467846921
23,7.96568458350046,1.1028591532596,1.76083553951063,0.243789918088964,12.9686934973481,1.79553209513142,7.65160551066608,7.38757327542316,6.92288117631693,6.68399486824001,16.0319353556813,15.4787249580295,1653.186944402,346.731843001678,6.59636181985041,1.41390372354079
24,8.17876562050422,1.09781618023629,1.80793766347988,0.242675155631181,13.3156043786455,1.78732178115663,7.54418055841251,7.35379259488425,6.82568717189704,6.65343139537147,15.8068545033405,15.4079463892813,1729.61510220158,354.843180070199,6.86477655243261,1.43978673064144
25,8.51031828991693,1.20527828471467,1.88122825356058,0.266429936621137,13.8553953913033,1.96227762844774,9.0740550018036,8.07363444306475,8.20985928734611,7.30471687705858,19.0123057180647,16.9161864521357,1794.51438843591,360.518407422362,7.14096160109866,1.46502046615323
26,8.83405966186967,1.13642647169975,1.95279213578172,0.251210062165207,14.3824690635352,1.85018204515327,7.81563704665073,7.61242612621839,7.07129066125543,6.88743316181664,16.3756204786968,15.9498452168385,1933.94264259725,380.48671230385,7.42524617290326,1.49173388757684
27,8.97569613881091,1.14606055902708,1.98410125173715,0.253339702521775,14.6130631873974,1.86586701539847,7.99470317513087,7.67696068247803,7.23330287273745,6.94582156986108,16.7508066526552,16.085060477573,1987.28343324143,382.701890756539,7.7192180284235,1.51869027782905
28,9.19411403399264,1.19020336942549,2.03238310225101,0.263097586925634,14.9686628483249,1.93773460846816,8.58687221487678,7.97265414926163,7.76907486107899,7.21335375409385,17.9915417835514,16.704608693691,2049.52623308617,386.744889071907,8.01918292549769,1.5442973138989
29,9.51639916305139,1.23900892597037,2.1036250781482,0.273886183635555,15.4933656549328,2.01719347947456,9.17631574784155,8.29958132228955,8.30238091471378,7.50914500588102,19.2265663288109,17.3895989609876,2143.14319703067,396.657791297676,8.32378275438426,1.57069491770084
30,9.77681568454443,1.19940338268552,2.16119083553087,0.265131274067324,15.9173420267671,1.95271287567045,8.52131552878272,8.03428103234316,7.70976166889865,7.26911141021524,17.8541849174495,16.8337316868142,2264.95939231254,411.159403232202,8.63598814997121,1.59836822382498
31,9.92032291702595,1.19991068680315,2.19291348692153,0.265243414977539,16.15098187193,1.95353880237425,8.5635361551932,8.03767924174359,7.74796128327004,7.27218598062517,17.9426471823096,16.8408517446056,2327.46687692126,414.367751575165,8.95630716186591,1.62584367752273
32,10.0493211782372,1.19774864093299,2.22142889203137,0.264765489048345,16.3610000936914,1.95001883997511,8.59622631288984,8.02319663782864,7.77753809261461,7.25908267232115,18.0111408460549,16.8105072411648,2388.56271792551,417.303217276156,9.28157688087583,1.65243431875944
33,10.3529580344412,1.31810229186914,2.28854861813963,0.291369980307916,16.8553422034411,2.14596302956942,10.2580703372842,8.82939334266412,9.28111125754281,7.98849873860088,21.4930997543097,18.4996812893915,2448.44295464458,420.335946814393,9.60981248363249,1.67891997842255
34,10.5956623921929,1.20031608183498,2.34219905511632,0.265333028616154,17.2504819297456,1.95419881393485,8.62239390355795,8.04039480655012,7.80121353179052,7.27464292021201,18.0659681788833,16.8465414994383,2612.28296048776,440.698357505945,9.94396110367999,1.70712750226503
35,10.5799245804237,1.1776747841307,2.33872017040946,0.260328110176261,17.2248596677776,1.91733719240928,8.50129164900546,7.88873061140184,7.69164482529066,7.13742293412547,17.8122301217257,16.5287689000801,2635.62336776254,436.70448315361,10.2855390140353,1.73519493030046
36,10.9433989821097,1.42969078845996,2.41906714341371,0.316036911133254,17.8166215006978,2.32763693279095,12.0435617865975,9.57687609494709,10.8965559021596,8.66479265733308,25.2341294576328,20.0658356275082,2661.22633302382,434.02893730747,10.6286671304683,1.76109630935748
37,11.583557078324,1.38650621940193,2.56057577520847,0.306490848499374,18.85884380471,2.2573294238684,10.7254465133361,9.28760146967798,9.70397541682786,8.40306799637532,22.4723641231803,19.4597364126586,2921.92094334345,469.435073853438,10.9770098363724,1.79027986269807
38,11.802404860876,1.30202979337623,2.6089526534568,0.287817112220009,19.2151433524437,2.11979587412831,9.73193934461282,8.72173067333359,8.80508797845922,7.89108965682562,20.3907300553792,18.2741023631751,3092.2063983302,488.767691487896,11.339806766986,1.82185046425402
39,11.944799352633,1.34579460497333,2.64042933058202,0.297491438994104,19.44697157762,2.19104805862324,10.272612506484,9.01489209073042,9.29426845824747,8.15633093923229,21.5235690612047,18.888345332959,3117.76799033364,484.889250118156,11.7138045218437,1.85153526548995
40,12.1630660893063,1.36727461822586,2.68867776710982,0.302239652449926,19.8023251418882,2.22601902756771,10.5433691013384,9.15877734696745,9.53923871073479,8.28651283773245,22.0908685932806,19.1898192031699,3206.04942054967,491.026037457704,12.0917257291441,1.88055937440415
41,12.4484927597723,1.41633136404275,2.75177208373915,0.313083775209449,20.2670197913486,2.30588685233626,11.1138630137713,9.48738712755905,10.0553998696026,8.5838264487439,23.2861891717112,19.8783349339333,3308.05900534227,499.247777641749,12.4739154012194,1.9104562804878
42,12.8509123284843,1.48947402992472,2.84072798840179,0.32925215398336,20.9221870891814,2.42496824521078,11.9792228808723,9.97733799949576,10.8383445112654,9.02711533287711,25.0993241313514,20.9048986656102,3453.99793448998,514.01344961258,12.8625166339885,1.94119356215484
43,13.1819259499763,1.42939085861782,2.91389942052107,0.315970610852361,21.4611004939965,2.32714862596024,11.1722111655374,9.57486699552608,10.1081910545339,8.66297490071407,23.4084424420785,20.0616260858642,3707.56347075618,544.007965497249,13.2603730323729,1.97336831544055
44,13.380824888581,1.44456911342694,2.95786655431792,0.319325804020691,21.7849219238653,2.35185988993017,11.37198206588,9.67653951577853,10.2889361548439,8.75496432379962,23.8270100427963,20.274654223536,3778.20366724056,546.522469452854,13.6677401442201,2.00545710611551
45,13.6388793915514,1.49063192275164,3.01491018129031,0.329508109239836,22.2050527637889,2.42685337598863,11.8910843221492,9.98509421938896,10.7586001009921,9.03413286516144,24.9146528654555,20.9211497930054,3867.50396016275,551.847119527211,14.0809541983289,2.03682981080364
46,13.9186992828812,1.49706601356795,3.07676510463689,0.330930381946599,22.6606191833574,2.43732852735273,11.9567866163743,10.0281933923212,10.8180450338625,9.07312735495725,25.0523148152605,21.0114528220063,4027.00443245281,567.046438139893,14.4997900659172,2.06894872352994
47,14.1627962138186,1.50302137497012,3.13072337358096,0.332246830256554,23.0580261165328,2.44702427363557,12.0378118404349,10.0680857653501,10.8913535699173,9.10922045436438,25.2220819513874,21.0950368416859,4160.35570227396,578.222257409661,14.9251782581244,2.10162896809068
48,14.4522847792915,1.55736388503152,3.19471558279075,0.344259385112231,23.5293338161096,2.535497693525,12.6494514712194,10.4321025791585,11.4447418072937,9.43856900019104,26.5036126063644,21.8577387372845,4268.31626678215,585.796317335719,15.3566437199124,2.13432548402299
49,14.743637906276,1.54800813618479,3.25911995822944,0.342191272209271,24.0036771526739,2.52026587785875,12.5220384357298,10.36943249119,11.3294633466126,9.38186749202905,26.2366519605766,21.726429981541,4567.45930703427,619.147455405916,15.7945894618829,2.16769605678163
50,14.9312452227048,1.52522875195046,3.30059104922949,0.337155829378523,24.3091150292457,2.48317944177198,12.308415433922,10.2168433145007,11.1361853925961,9.24381061788158,25.7890609091699,21.4067193256205,4700.53496814501,629.360273301613,16.2392497191018,2.20133108264333
51,15.1206315754886,1.56338433631113,3.34245540089749,0.345590221710882,24.6174493018481,2.54529941069601,12.7436577150363,10.4724309609358,11.52997602789,9.47505658370382,26.700997117219,21.9422362991036,4629.91467806742,612.436748162307,16.6882745829689,2.23441313034514
52,15.4177150890504,1.62512667938508,3.40812649336904,0.359238529127229,25.1011221098926,2.64582027801641,13.438598138486,10.8860160341584,12.1587316491064,9.84925260233383,28.1570627663516,22.8087955001415,4741.45709867797,620.11092824632,17.1422275960622,2.26754289337632
53,15.7209430369062,1.61318196401232,3.47515582921084,0.356598118360619,25.594798488156,2.62637344316392,13.2692644671241,10.8060035866854,12.0055249940646,9.77686038795347,27.8022684073076,22.6411503721028,5130.79591607792,663.561380123794,17.6024389606297,2.3021329806651
54,15.9564571684156,1.62003298188747,3.52721684775503,0.358112553890914,25.9782320215608,2.63752738103784,13.3525590300788,10.8518955724519,12.0808867414999,9.8183817084089,27.9767903487365,22.7373050089469,5249.48099895482,671.448814640997,18.0694090009831,2.3369009742019
55,16.2056037824497,1.65223174345646,3.58229136243624,0.365230174869323,26.3838601931812,2.68994922443438,13.7064596131233,11.0675810566462,12.4010825071116,10.013525717918,28.7182963322584,23.1892174520205,5242.46958744459,663.363691503592,18.5410832433624,2.37154651448294
56,16.4657301714381,1.66349840585082,3.63979298526527,0.367720700240707,26.8073642089378,2.70829214145536,13.8257541878718,11.1430515224457,12.5090156937888,10.081808520308,28.9682468698266,23.347346047029,5443.81253516759,681.68057074687,19.0190048092386,2.40659807911846
57,16.7104583738044,1.67704361406651,3.69389079841992,0.370714904162071,27.2057988962991,2.73034469097144,13.9740248042669,11.2337849746082,12.6431652990986,10.1639006913122,29.2789091137021,23.5374542325124,5594.61221668025,693.42412134744,19.5029485855783,2.44218202540558
58,16.9407214943146,1.68663023257451,3.74479106716427,0.372834051411208,27.5806834153051,2.74595237864762,14.0824564028517,11.2980015579154,12.7412700787706,10.2220014095425,29.5060991297845,23.6720032642036,5694.535329953,698.758790731672,19.992182085151,2.47793068747131
59,17.1737759051677,1.70916981422531,3.79630835798444,0.377816485249805,27.9601123508695,2.78264839930015,14.3270445382415,11.4489844015092,12.9625641060281,10.3586049346988,30.0185695086965,23.9883482698289,6024.81237439495,732.055427509218,20.4867005863196,2.51385956857285
60,17.4157853794311,1.7257335976738,3.84980518913741,0.381477953169998,28.3541207580914,2.80961540112506,14.5040605712244,11.5599379748484,13.1227214692031,10.4589915010533,30.3894602444702,24.2208224234919,6176.86901030827,743.437274931592,20.9856988171868,2.54990425668454
61,17.6847923192756,1.76193242338031,3.90926988110303,0.38947979885249,28.7920829338381,2.86854962964373,14.8945493894135,11.8024181470451,13.4760208761361,10.678378323517,31.2076272921046,24.7288761176184,6332.15344416282,755.156000020721,21.4886917191794,2.58634178365951
62,17.9354502722566,1.75358179951032,3.96467848123566,0.387633871470703,29.2001716713229,2.8549542279747,14.7897216494197,11.7464809536577,13.3811767304274,10.6277684818807,30.9879882178318,24.6116743790922,6355.36151395481,751.101164555206,21.9972575948212,2.62333520550476
63,18.0816693521461,1.7232834352868,3.99700059363229,0.380936338326555,29.4382265943711,2.8056263648178,14.4798974492737,11.543525403835,13.1008595969619,10.4441420320412,30.3388327508592,24.1864341794638,6613.63991323323,774.522551781514,22.5121817910456,2.66057657346557
64,17.3288881747418,1.25061391715207,3.83059633336397,0.276451497475721,28.2126460108076,2.03608721950372,10.2629175619737,8.37731810532487,9.28549684178577,7.57947828577012,21.5032558441355,17.5524760302045,6933.00796949674,802.948803863265,23.0309325880252,2.69714966523855
65,17.2990650366343,1.87773990238939,3.82400385020338,0.415079346843971,28.164091849117,3.05709233231115,16.8867664700055,12.5781620255749,15.2785029966716,11.380241832663,35.3817964133448,26.3542442440616,7690.07722992344,881.98274328469,23.5370944626739,2.72595703457595
66,18.187712924181,1.97608911851753,4.02044180429264,0.436819699882824,29.6108729712981,3.21721175786714,17.8241262099479,13.2369606025098,16.126590380429,11.9762976879851,37.3457882494146,27.7345841195443,7641.18274172158,871.163099794193,24.0275672194006,2.7557460109975
67,18.1632948358641,1.429908262909,4.01504412161207,0.316084984432515,29.5711186099683,2.32799099645535,11.774342925406,9.57833286159134,10.6529769325102,8.66611068429693,24.6700518437079,20.0688879004771,7480.06326809511,845.630624607075,24.5239288937067,2.79594699358812
68,17.6344108528513,1.52013017324985,3.89813292536713,0.33602877513944,28.7100583709579,2.47487859785238,12.6233867259348,10.1826901557406,11.4211594187029,9.21291014090815,26.4490007591014,21.3351603263136,8077.3057185829,903.94742418759,25.0353454222274,2.83027750272538
69,17.9130274740034,1.93579259425105,3.95972186267443,0.427912047150232,29.1636657822371,3.15160618853504,17.5809836324972,12.9670317318252,15.906604238926,11.7320763287942,36.8363466585655,27.1690188666814,8399.12053494703,933.54157607869,25.5342861382379,2.85759298797204
70,18.8409481986116,2.02708332709094,4.16484118074573,0.448092103883261,30.6743858391431,3.3002339079656,18.406569492587,13.578548602523,16.6535628742454,12.2853534975209,38.5661456035157,28.4502923100483,8345.80183088716,922.859118336767,26.0240296436813,2.89250684621042
71,18.4665109680977,1.28667521267394,4.0820708455795,0.284422941748976,30.0647757515696,2.09479753923056,10.8288802232462,8.61887702269625,9.79755829722271,7.79803159196327,22.6890823725157,18.0585994761255,8213.90772034371,900.755279444978,26.5299423865499,2.93361857092814
72,18.3504469250755,1.91549256158183,4.05641458343775,0.423424671507563,29.8758153446844,3.11855631078585,17.240099092125,12.8310506517443,15.598184892875,11.6090458277687,36.1221123835,26.8841061274643,8923.05810259444,970.303657189132,27.0465890436823,2.96598874756485
73,18.7558922016371,1.72474686508245,4.14603932878295,0.381259833334016,30.5359087072268,2.80800893122196,14.735471025869,11.553328282849,13.3320928329291,10.45301130353,30.8743202446779,24.2069735450169,8922.58676553502,964.577112992547,27.552609378272,2.99610260713955
74,19.3380036022351,2.15245584815916,4.27471658575723,0.475806029593078,31.483626917323,3.50434917033632,20.0739365645341,14.4183645331236,18.1621330821975,13.0451869585404,42.0596766114047,30.2099066408303,9142.01319452762,983.124640409114,28.0563240184975,3.03303164587642
75,20.007858214591,1.82506311406765,4.4227897105938,0.403435004162324,32.5741972335797,2.97133082430663,15.6124400141946,12.225303156434,14.1255409652237,11.060988570107,32.7117790773602,25.6149208991951,8940.70110137521,956.301677371741,28.5736249694771,3.07278431736649
76,20.0110941364137,1.82158499364897,4.4235050196283,0.402666156490826,32.5794655413894,2.9656682001864,15.6024671049024,12.2020047421462,14.1165178568165,11.039909052418,32.6908834578908,25.5661051740207,9203.41513096844,977.704612963845,29.1099484122004,3.1136140420252
77,20.0171393539494,1.82129291695287,4.42484133087303,0.402601592168528,32.5893075797633,2.96519267882852,15.6236591585003,12.2000482475312,14.1356916195955,11.0381388906234,32.7352858559055,25.5620058519701,9456.8213869338,998.03223970722,29.6545411134772,3.15028510931917
78,20.2367883116988,1.96793793592828,4.4733953110071,0.435017859520988,32.9469114969412,3.20394106059902,17.3148455619449,13.1823593794239,15.6658126512835,11.9268965813835,36.2787240345512,27.6201815568881,9701.53239676215,1017.92208159364,30.1959600638505,3.18675170224461
79,20.4613381383286,1.86278878749994,4.52303264110423,0.411774363552619,33.3124943725771,3.03275086807008,16.0279954841561,12.478011016746,14.5015197237603,11.2896290151512,33.582466728708,26.1444040350869,9797.65404401982,1022.21318303339,30.7377480066482,3.2251227079209
80,20.4827348445033,1.8572055440949,4.52776243931126,0.410540172905188,33.3473297117527,3.02366095600012,15.9878363431105,12.4406113001572,14.4651852628142,11.2557911763327,33.4983237665172,26.066042724139,10037.9583100469,1040.97205077627,31.2838835557888,3.26392400094263
81,20.4585952098067,1.83012156113517,4.52242630953621,0.404553187198301,33.3080286924572,2.97956633111129,15.7284405962853,12.2591874908576,14.2304938728296,11.0916458250616,32.9548279160263,25.6859166475111,10278.6350962677,1059.5954880586,31.8312993240368,3.30101918266095
82,20.334890842038,1.77803163765614,4.49508113350313,0.393038572534516,33.1066293007214,2.89476028025421,15.220628626879,11.9102597737732,13.7710449481286,10.7759493191281,31.8908409325083,24.9548300021914,10536.5039520917,1079.66808627808,32.3755981178875,3.33750905325636
83,20.4678881601322,1.97532992824524,4.52448054066079,0.436651878875264,33.3231582677239,3.21597574282734,17.4606428754338,13.2318751174322,15.7977245063449,11.9716965348196,36.5842041199566,27.723928817477,10824.8836459043,1103.47213247923,32.9145249151288,3.37272802131058
84,21.025290057306,2.11691532207812,4.64769569687818,0.467949702775164,34.2306476722456,3.44648669980438,19.1139671422938,14.1802940234898,17.2935893192182,12.8297898307765,40.0483121076632,29.7110922396929,10932.8148229444,1109.99999607846,33.4504838943466,3.40989132103259
85,21.7015636437633,2.14409536980298,4.79718775283188,0.473957923851184,35.3316685287935,3.49073772487221,19.2218096484618,14.3623613288238,17.3911611105131,12.9945173927453,40.2742678348723,30.092566593726,10940.489832918,1106.5400122674,33.994140595792,3.4513980652841
86,22.0137392923135,1.97525657769111,4.86619500145877,0.436635664542245,35.8399123916963,3.2158563229778,17.0759478886927,13.2313837740074,15.4496671373886,11.9712519860067,35.7781765286895,27.7228993360155,10967.4594921846,1104.12774897431,34.5553269880982,3.49498537389672
87,22.0502296870876,2.00207938656996,4.87426129925095,0.442564917031254,35.8993213151181,3.25952573813495,17.3667803827429,13.4110580918562,15.7128012986722,12.1338144640604,36.3875398495566,28.0993598115082,11237.2368165674,1125.43464414409,35.1306898598218,3.53671418093505
88,22.1084801845572,1.9971453551465,4.88713772500739,0.441474236400807,35.9941572127528,3.25149278872975,17.3171463248633,13.3780071636608,15.6678942939239,12.1039112433121,36.2835446806659,28.0301102476703,11472.1562260819,1143.28582625664,35.7089248447122,3.5763294643863
89,22.0865297912778,1.95356934700831,4.88228553280878,0.431841645128154,35.9584204321154,3.18054798951529,16.8790414028467,13.0861104584289,15.2715136501947,11.8398142242928,35.3656105583456,27.4185171509938,11713.5082710889,1161.53264439629,36.2854299752044,3.61611339426881
90,21.9590658155538,1.91209423679658,4.85410928554348,0.422673462870823,35.7509001347964,3.11302359955653,16.486617938452,12.8082867536613,14.9164638490756,11.5884499199793,34.5433899662804,26.8364103410046,11992.4013900551,1183.15905495323,36.8594934033678,3.65505396445514
91,20.6092925156671,1.25122217867951,4.55573834556853,0.276585955287049,33.5533744816475,2.03707751195541,11.2481054594348,8.38139258445604,10.176857320441,7.58316471926975,23.5674590578635,17.5610130340984,12285.3309349724,1203.43227508944,37.428156756421,3.69262678393097
92,19.8032522393609,1.67279147671335,4.37756102133241,0.36977495801032,32.241084347591,2.72342191296489,14.4033291606492,11.2053017578885,13.0315835263017,10.1381301618991,30.178403955646,23.4777751117663,13017.5022191067,1266.2020378064,37.9721272737275,3.71962983796581
93,19.3761902062431,1.5662229262058,4.28315783506426,0.346217699477072,31.5457973884097,2.54992083424383,13.433579163288,10.4914454386991,12.1541906715462,9.49226015882304,28.1465468183176,21.9820761572744,13287.9435942759,1286.32880849112,38.4786154134857,3.74278417076143
94,19.0243737357398,1.61956489491348,4.2053878784267,0.358009082033506,30.9730154855554,2.63676530259598,13.9758869622354,10.8487600616214,12.6448501086892,9.81554481765743,29.282810778017,22.7307353672067,13597.0064464787,1310.3070636485,38.9602029874454,3.77151145561764
95,18.8560592596961,1.64545670041389,4.1681815205644,0.363732533775703,30.698987707014,2.67891897891945,14.246705736167,11.0221979932031,12.8898766184368,9.97246485099328,29.8502405900642,23.094129128616,13837.7209333994,1328.36489087826,39.4269751840454,3.79947191209343
96,16.9675051004215,0.763212389074073,3.75071165377739,0.168710107058479,27.6242890055986,1.24256332817673,7.91607889363478,5.11242748662058,7.16216661805052,4.62552963075195,16.5860700628538,10.7117528291098,14038.1048867508,1338.95698654482,39.8829217336732,3.82859816523574
97,17.0910811783417,2.19330286189151,3.77802847100185,0.484835369470754,27.8254795324581,3.57085097514968,25.4784270352584,14.6919808930532,23.0519101747576,13.2927446175243,53.3833709310176,30.7831980616352,14719.941294955,1399.09600197875,40.3074400307991,3.84453093023348
98,18.8834990418634,1.78116689732401,4.17424715662244,0.393731629934781,30.7436615979811,2.89986470301172,15.8617609539068,11.9312615131752,14.3511170535347,10.7949508928728,33.2341658081857,24.9988336466527,14391.205938129,1367.10704308396,40.7094481055189,3.869337855764
99,19.0339251039207,1.68897717391989,4.20749923349827,0.373352848971766,30.9885657832253,2.74977336385554,14.7155010860843,11.3137226961141,13.3140247921715,10.2362252964842,30.8324784660814,23.7049427918581,14505.3416381611,1374.16526622288,41.1305215562273,3.90723515089561
100,19.1023866219498,1.74690530646996,4.22263283222048,0.386158015114412,31.1000259388937,2.84408442877916,15.3685915497645,11.70175803377,13.9049161640726,10.5873048876967,32.2008584852208,24.5179692136134,14693.2822665727,1387.96465284877,41.5788440172032,3.93897673584082
101,18.2004981356096,1.15112034041623,4.02326800892423,0.25445818051306,29.6316881927118,1.87410469457238,10.2585877245828,7.71085395494123,9.28157936986059,6.9764869116135,21.4941838038877,16.1560749532102,14840.1411192305,1395.55261989687,42.0286295789985,3.97013078527967
102,16.5000894856483,0.931103263889506,3.64738820209068,0.205822826754523,26.8633035836519,1.51590145419204,8.66066703015002,6.23705535619766,7.83584159870716,5.64305008417882,18.1461594917429,13.0681159844141,15316.6168167615,1431.03316097557,42.4650723335661,3.99337462313103
103,15.9303942297932,1.40859824239309,3.52145556658587,0.311374348318473,25.9357997285054,2.29329678761542,12.3021462984397,9.43558631268098,11.1305133176359,8.5369590448066,25.7759255776832,19.7697998932363,15807.4240484884,1470.34922754632,42.8587566797312,4.00429825859198
104,16.7434706688224,2.1677350781522,3.70118825310811,0.479183543591539,27.2595452292407,3.52922482899165,25.8651750146575,14.5207134421678,23.4018250132616,13.1377883524376,54.193700030711,30.4243519740659,15957.7816592838,1484.06175234988,43.2150507515327,4.019707214533
105,17.1838441307049,0.950513816340859,3.79853396573476,0.210113580454295,27.9765041285862,1.54750319572687,8.92387734427265,6.36707819558469,8.07398426386573,5.7606897960052,18.6976477689522,13.3405447907489,15602.8316405674,1448.01264149698,43.5731926774114,4.05227431111627
106,15.3296231990933,0.806072808412602,3.38865354927326,0.178184515543839,24.9577023311554,1.31234309860859,7.74360550798904,5.39953077405571,7.00611926913294,4.88528974795517,16.2246972548342,11.313302574212,16128.9462037346,1487.10023415871,43.9561627224841,4.07932872443278
107,15.3059662502059,1.75584064073371,3.38342411846656,0.388133194267451,24.9191871582299,2.85863178000154,17.7003018671126,11.7616119474985,16.0145588321495,10.6414584286891,37.0863467691883,24.6433774138064,16614.6013322631,1527.73198408644,44.3091935978983,4.08533895162728
108,15.6524825743894,1.16225712487284,3.4600224638124,0.256919996024523,25.4833400509357,1.89223616119649,10.0563698169475,7.78545442498554,9.09862031057158,7.04398257498692,21.070489140271,16.3123806999697,16494.6815912086,1514.52974436527,44.6339476397801,4.1041435795946
109,15.2179846824605,1.26496492835782,3.363975561386,0.27962382626857,24.7759469917953,2.05945167283518,10.9917784762711,8.47344928086575,9.94494243091194,7.66645411125949,23.0303929979013,17.7538937313378,16764.9111744467,1534.74087690953,44.9590577861355,4.12810819773758
110,14.776800822357,1.13366606068891,3.26645070809998,0.250599866047023,24.057668707276,1.84568790231458,9.80650425987423,7.59393533475825,8.87255147321954,6.87070339811461,20.5469613064031,15.9111026061602,16941.6334039635,1546.74383257075,45.2803185853437,4.14517888757657
111,15.111090328396,1.76302546530542,3.34034628311912,0.389721418646461,24.6019154820202,2.8703291786025,18.0851973025283,11.8097399589836,16.3627975594304,10.6850028200328,37.8927943481545,24.7442170569181,17172.7452884947,1566.27165724523,45.5863753304244,4.16196261660895
112,16.5441755407985,1.90451380830761,3.65713354059756,0.42099778920484,26.9350787751947,3.1006821300166,19.2865537116547,12.757508763783,17.4497390724495,11.542507929137,40.4099220625145,26.7300183622121,17033.9874120632,1554.44003668254,45.8905541601231,4.18553196409626
113,17.6830273727372,1.75409042769415,3.90887973502612,0.387746305069232,28.7892094770177,2.85578231035117,16.125145177908,11.749888032401,14.5894170657263,10.6308510769342,33.7860184679978,24.6188130202687,16895.5854146342,1541.59633533564,46.2186437925537,4.21769187767719
114,17.2647734819464,1.16248092624049,3.81642361179868,0.256969467905793,28.1082627916601,1.89260052552838,10.2403537491297,7.7869535729028,9.26508196349826,7.04533894691206,21.4559792838907,16.3155217717963,16928.325747488,1540.48601191744,46.5861930160621,4.25064315135215
115,17.2242969819035,1.79279457774503,3.80747617494709,0.396301959291007,28.0423642091341,2.91879538271472,16.8712307487063,12.0091502815457,15.2644468678772,10.8654216833032,35.3492453782419,25.1620291613338,17316.4313453363,1572.13936104471,46.9655013832513,4.27388384432073
116,17.5747893437059,1.49307944911711,3.88495343387184,0.330049141383783,28.6129903701037,2.43083812066786,13.0084702994919,10.0014891328419,11.769568366207,9.04896635828552,27.2558425322688,20.9555010402401,17295.7795014716,1568.25735204829,47.3364605428499,4.29762410902273
117,17.2301037753317,1.38473259486359,3.80875978191543,0.30609878412774,28.0518180763295,2.2544418386551,12.0312100686651,9.27572073114364,10.8853805383161,8.39231875674901,25.2082496676794,19.4348434366819,17489.0239949208,1581.75418186806,47.7087147843804,4.32588439919771
118,17.0720857284538,1.5297769592266,3.7738294768161,0.33816122256588,27.7945536070265,2.49058424238997,13.4782572569784,10.2473097747236,12.1946137086947,9.27137551046423,28.2401580622404,21.4705538137066,17726.2999753885,1599.70936179591,48.0796958263795,4.34845649239242
119,15.522551143163,0.71789241922996,3.43130077901499,0.15869200846136,25.271802562904,1.16877923692176,7.35478138391111,4.80884874125332,6.65432601401481,4.35086314684824,15.4100181377185,10.0756830769117,17854.2077543358,1604.8181067101,48.4412824783439,4.37158195368451
120,14.9437165548439,1.35817182814142,3.30334787001813,0.300227456747051,24.3294192331494,2.21119904651796,12.0483856359045,9.0978017196076,10.9009203372469,8.2313444129783,25.2442365704666,19.0620607458445,18418.3271287605,1649.26340498018,48.7776936624637,4.3843628947395
121,15.3066112649141,1.56576446338686,3.38356670066522,0.346116355064465,24.9202372874391,2.54917442460177,14.6473929452571,10.4883743958929,13.2524031409469,9.48948159628401,30.6897756948244,21.9756415913946,18517.48837733,1657.03306790487,49.0797596926948,4.39483189871164
122,14.7896288569339,0.892355540766179,3.26928637890119,0.197257540590419,24.0785536477801,1.4528174418088,8.10252296675108,5.97750123001269,7.33085411277479,5.4082153985829,16.9767147874785,12.5242882914551,18504.9710306052,1652.39356899106,49.3736454414376,4.41818898504793
123,15.033967886483,1.90741938499147,3.32329816438046,0.421640074577062,24.4763547344846,3.10541261275804,22.1342489007233,12.7769719568806,20.0262251958925,11.5601174847968,46.3765215062773,26.7707983858452,18888.7695906719,1685.13289359593,49.6665593652693,4.43495443215507
124,16.5002402509733,1.50731233945816,3.64742152916252,0.333195359248645,26.863549040181,2.4540102649424,13.4027220085494,10.0968290681408,12.1262722934494,9.1352262997464,28.0818937321987,21.1552609046759,18599.8352396979,1659.92443808945,49.9572073779643,4.45685638869644
125,17.0272282535806,1.82905591721142,3.76391361394939,0.40431762380463,27.7215224900399,2.97783138802141,17.5754467883723,12.2520492062009,15.9015947132892,11.0851873770389,36.8247456518277,25.6709602415638,18709.3067099761,1668.97974839196,50.2689141122777,4.48620097629127
126,17.5930481240336,1.55306803324421,3.8889895853127,0.343309775769774,28.6427169457951,2.52850374535198,13.6375520270637,10.403326538478,12.3387375482957,9.41253353481341,28.5739185328953,21.7974460806205,18643.9601082975,1662.12126307938,50.6088260942316,4.51460372906951
127,17.8992111460289,1.79693464873814,3.95666772701691,0.397217132878957,29.1411718307277,2.92553570882279,16.6475581313726,12.0368828145138,15.0620764045752,10.8905130226554,34.8805979895425,25.2201354208861,18798.1499865398,1674.29401063394,50.9644964482899,4.54351826096946
128,18.2896501270825,1.63864874465078,4.04297529124982,0.362227617238595,29.7768338911098,2.66783514918584,14.4572024343378,10.9765944617756,13.0803260120199,9.93120451303505,30.2912812909934,22.9985788722917,18810.8273579273,1673.95075111397,51.3321190558056,4.57199562456007
129,18.4451761792654,1.71465004477747,4.07735473436393,0.37902790463502,30.0300412181724,2.79157059921665,15.3547103240314,11.4856940798491,13.8923569598379,10.3918184531968,32.1717740122562,24.0652637863505,18955.5606292362,1684.72383973264,51.7089523013314,4.60151156018412
130,18.8452335063699,1.84564873745171,4.16578845930281,0.407985510384062,30.6813626208969,3.00484566378102,16.914059656384,12.3631972843655,15.3031968319665,11.1857499239497,35.4389821371856,25.9038419291468,19060.0092936866,1692.6655140395,52.0927895393799,4.62987965018605
131,19.7113163079359,2.15158164029269,4.35723834175425,0.475612783643648,32.0914061995868,3.50292589858179,20.891951804194,14.412508595262,18.9022421085564,13.0398887290466,43.7736133040254,30.1976370567395,19104.9323852563,1696.70923892902,52.4834084630124,4.6609030560135
132,18.7481410280791,0.927750130480415,4.14432591147012,0.205081607790408,30.5232892527323,1.51044231769443,9.16277414879093,6.21459417546689,8.29012899176322,5.62272806351767,19.1981934546096,13.021054462883,18986.1047424177,1681.44673090607,52.8917702082754,4.69731864871437
133,18.7040314618586,2.17342227941302,4.13457537577927,0.480440714396563,30.4514757835172,3.53848399174611,22.2959135026686,14.5588095271686,20.1724931690811,13.1722562388668,46.7152473389247,30.5041723426389,19674.7372229088,1738.27884322036,53.3033324877723,4.7206478302906
134,19.4022287438356,1.53288825132518,4.28891372232156,0.338848981871882,31.5881899548762,2.49564964426275,13.340946623388,10.2681509658146,12.0703802783034,9.29023182621321,27.9524595918606,21.5142210712306,19468.7674309561,1719.12583374508,53.6990102956434,4.74435070929952
135,19.5353522081025,1.981132261412,4.31834101442267,0.437934499891074,31.8049242967002,3.2254223484041,18.4417327858937,13.2707424209416,16.6853772824753,12.0068621903757,38.6398210752059,27.8053650724491,19760.2396025692,1742.63056410626,54.09761176661,4.77691267624968
136,20.2412156777695,1.97358139911977,4.474373991928,0.436265361910687,32.9541195595966,3.21312901470728,18.0562013733633,13.220162482142,16.3365631473287,11.9610993886047,37.8320409727612,27.6993880578214,19755.5733410672,1741.74949531453,54.5065579824302,4.80686448114035
137,19.9754245726535,1.46617655758769,4.41562016869182,0.324102186414122,32.5213929884604,2.38703832533576,12.7437343546543,9.82127837618551,11.5300453684967,8.8859185308345,26.7011576954662,20.577916597722,19799.9325222532,1742.45727527405,54.9254149092269,4.84249745863966
138,19.2047532451899,1.48542094354166,4.24526124367356,0.328356208572366,31.2666859851513,2.41836953615203,12.9101757072202,9.95018813855655,11.6806351636754,9.00255117297973,27.0498919579852,20.8480132426899,20177.5184752289,1770.41854417493,55.351094628639,4.87107304136807
139,19.7203238531905,2.35947071707773,4.35922948333686,0.521567211143499,32.1060711153698,3.84138390429497,24.8738308438897,15.8050670043484,22.504894573043,14.2998225277438,52.116597958626,33.1153784853015,20487.1791195603,1797.08394731766,55.7589000778671,4.89240492193545
140,21.1568428118129,1.97954381830514,4.67677577945338,0.437583370362189,34.444824788355,3.22283625155644,17.7861288620759,13.2601021321875,16.0922118275925,11.9972352624554,37.2661747586352,27.7830711341072,20204.972342156,1773.14609521542,56.1621861945159,4.92640605460749
141,21.7589497571117,2.21827527655005,4.80987310420365,0.490355587447906,35.4250971484205,3.61150781866394,20.6924624776426,14.8592602256941,18.7217517654861,13.4440925851518,43.3556356674416,31.1336880919305,20313.9084924294,1782.03754376843,56.5920882037797,4.96640324566319
142,21.8206566349352,1.69247083157109,4.82351357193306,0.374125131189398,35.5255602758244,2.75546128368064,14.7135639206725,11.3371251875575,13.3122721187036,10.2573989792187,30.8284196433137,23.7539765834538,20287.588517473,1777.37756547744,57.0507922061971,5.00478052517878
143,21.8025846931037,2.12029617912261,4.81951872163345,0.46869705012184,35.4961378863162,3.45199097232593,19.3670205815047,14.202940912783,17.5225424308852,12.8502798734703,40.5785193136289,29.7585428648787,20653.2555502925,1806.58331505884,57.5193934037907,5.03922283950693
144,21.9388157397643,1.83984188612889,4.84963295300054,0.406701890617966,35.7179315903532,2.99539170232915,16.0615943248942,12.3242997156959,14.5319186749042,11.1505568856297,33.6528642997782,25.8223422614582,20701.460925192,1808.73433897561,57.9866059520584,5.07220929672739
145,20.3402607995089,1.13699582311434,4.49626817673354,0.251335918793695,33.1153719683232,1.85110898921071,10.5827085223829,7.61623996344531,9.57483152025121,6.89088377645052,22.1732940468975,15.9578361138854,20959.3102642911,1824.57498795318,58.4530393923236,5.10717673252374
146,18.9311173431157,1.3157292008315,4.18477330742558,0.290845402289068,30.821187534055,2.14209947082742,11.5180323919777,8.81349703906265,10.421076926075,7.97411636867573,24.133020249858,18.4663747485122,21613.6994119055,1873.44378224301,58.8974838986303,5.12721433194791
147,19.155628277153,2.18830175848547,4.23440204021278,0.483729862402052,31.1867070898211,3.56270882785003,22.172349532927,14.65848067885,20.0606971964577,13.2624348999119,46.4563514023232,30.7130071366382,22016.5031387361,1906.92498515653,59.29372860907,5.13949347919025
148,20.8519779755387,2.3932932178319,4.60938460511908,0.529043763941789,33.948483440877,3.89644930903159,24.3288365637389,16.0316292103572,22.0118045100495,14.5048073807994,50.9747051811672,33.5900802502723,21821.7117834577,1892.52018582373,59.6706515740964,5.16828016012294
149,22.1801294726006,2.12751880728385,4.90297598868013,0.470293631083798,36.1108072817076,3.46374991782352,19.3329457519411,14.2513221540545,17.4917128231848,12.8940533774779,40.5071244326384,29.8599130846856,21589.2232216456,1873.41200982464,60.0713869477322,5.20977976050409
150,22.7274556647733,2.19361703036633,5.023963883792,0.484904817238874,37.0018927314204,3.57136246347361,19.9796583043383,14.694085370875,18.0768337039252,13.2946486688869,41.8621412090899,30.787607443738,21658.3384574803,1878.76572914709,60.5178709825118,5.25145833843548
151,22.7263280409835,1.84354438080357,5.02371461958582,0.40752033680921,37.000056880759,3.00141962348371,16.0756132485417,12.3491011154306,14.5446024629663,11.1729962472943,33.6822372826589,25.8743070989974,21715.4323331631,1881.46668095034,60.9909697602086,5.29069873009349
152,21.9968426685961,1.6731219572189,4.86245995832124,0.369848011595758,35.8124035025564,2.72395995841954,14.5250576509617,11.2075155029017,13.1417188270606,10.1401330740539,30.4334541258245,23.4824134346512,22033.0679816956,1904.38548056271,61.4715777365511,5.32601532229881
153,21.9211879468894,2.12369895836464,4.84573628299662,0.469449243427973,35.6892323065147,3.45753093572348,19.3709550318557,14.2257346493325,17.526102171679,12.8709027779675,40.5867629238881,29.80630117003,22421.3720815827,1935.29054542174,61.9393656996205,5.35360889421374
154,22.8870883127379,2.50388428875244,5.05925110071049,0.553490211197907,37.2617858845978,4.07649933326712,24.3957859022973,16.7724306423608,22.0723777211261,15.1750562954693,51.1149799857657,35.1422356316131,22473.5529093842,1940.73987678918,62.3930629865858,5.38542888715663
155,23.0873994104692,1.68931597113772,5.10353039599845,0.373427740988337,37.5879064086235,2.75032494950141,14.6713712472906,11.3159921511617,13.2740977951676,10.2382786129559,30.740015946704,23.7096978405293,22297.2286178576,1923.81647741425,62.8568127929469,5.42810136016393
156,22.5525794992374,1.94871087913535,4.98530704719984,0.430767668019392,36.7171820619162,3.17263806287299,17.0705212696471,13.0535656975574,15.4447573392045,11.8103689644567,35.7668064697367,27.3503281282154,22765.2057741947,1959.8466729962,63.3394159835199,5.46495774103963
157,22.3529774116926,1.90738149130338,4.94118448047943,0.421631698077588,36.3922158562294,3.10535091917462,16.6829249700574,12.7767181235633,15.0940749729091,11.5598878260811,34.9546999372632,26.7702665446087,22991.061392853,1976.62364557231,63.813801621761,5.49370245277617
158,23.1013433198182,2.6913177273251,5.10661273385456,0.594922866040287,37.6106080715637,4.38165412448719,27.6794810714748,18.0279656375844,25.0433400170487,16.3110165292431,57.9951031973758,37.7728803835102,23236.1091832589,1998.34897289972,64.2742233479915,5.52588449482932
159,23.082528259565,1.42092671816363,5.10245361527226,0.314099590330908,37.5799758331163,2.31336841132605,12.790026956434,9.51816940396691,11.5719291510593,8.61167707977959,26.7981517182426,19.9428311321212,22908.0278904135,1967.94463701283,64.7417484764799,5.5679118027608
160,23.031344494384,2.50443129450276,5.09113930928489,0.553611128258505,37.4966450715585,4.07738989701501,24.3014094039193,16.7760947957123,21.9869894606889,15.1783714818349,50.9172387510691,35.1499129053018,23596.1841785992,2023.92182434357,65.2233822560878,5.60310149493139
161,23.7286888281111,2.01912441233344,5.24528910937194,0.446332764831603,38.6319705833107,3.28727623622005,17.6503395983608,13.5252352979273,15.9693548747074,12.2371176505057,36.981663920375,28.3385882432763,23428.6223474942,2009.35017237659,65.700814977028,5.63537359696351
162,24.0435503800201,2.42232323933238,5.31489008400444,0.535460926589264,39.144587285366,3.94371222122886,22.4340986168978,16.2260886845231,20.2975177962409,14.6807469050448,47.0047780544526,33.9975191485247,23695.7696954339,2031.24594457513,66.1820914048347,5.67609118454081
163,24.1260478198684,1.913370898196,5.33312636018144,0.422955672232799,39.2788989067331,3.11510209390506,16.6407337800993,12.8168385525091,15.0559019915184,11.5961872617939,34.8662993487795,26.8543283957333,23668.5988110181,2027.22620392491,66.6765569497368,5.71563986497064
164,24.6249060784228,2.76387633351604,5.44340029101978,0.610962136882492,40.0910751592567,4.49978462719803,27.475600917483,18.5140041479543,24.8588770205799,16.7507656576729,57.5679257318691,38.79124678619,24051.0532958091,2059.64000826721,67.1758000758037,5.75363768977723
165,26.46569525064,2.87228573294386,5.85031158172042,0.634926319913907,43.0880091098138,4.67628273714369,27.775747930427,19.2401915125426,25.1304386037197,17.4077923208719,58.1968051875614,40.312782216756,23783.1343226884,2039.44247337228,67.6825032595339,5.79607012875824
166,25.7754393351266,1.52206245581747,5.69772869513324,0.336455911285968,41.9642240403464,2.47802448947126,13.867086068798,10.1956336753324,12.5464112051029,9.22462094434833,29.054847001291,21.3622800816488,23547.8909408609,2015.65549119745,68.2199268431472,5.84996974942607
167,25.5783364449194,2.7171559853153,5.65415858256112,0.600634480964436,41.6433267033073,4.42372062170632,25.8889186558837,18.2010448777102,23.4233073553234,16.467612032214,54.2434486123278,38.1355226009165,24441.0800165956,2088.02045723555,68.7796511893128,5.88740970265914
168,26.0478673125815,2.13020269565517,5.7579496164654,0.470886911671141,42.4077559053959,3.46811947643507,18.5489910706113,14.2693003536709,16.7824204924579,12.910319367607,38.8645527193761,29.8975816934058,24284.532778417,2073.90386536918,69.3234435154026,5.92235564581796
169,26.4890412545398,2.8286839427652,5.85547227731934,0.625288029453361,43.1260180424789,4.60529596295808,27.0255133295921,18.9481221046473,24.45165491725,17.1435390470618,56.6248850715263,39.70082726688,24660.2854398008,2105.37776211399,69.8645439560109,5.9664457654874
170,28.0517501169261,2.99086586061767,6.20091318374156,0.661138769189171,45.6702177342235,4.86933950640913,28.5263560973909,20.0345081572476,25.8095602785917,18.1264597613192,59.7695080135808,41.9770647104235,24479.100062679,2092.208425602,70.4172623130643,6.01189059651332
171,28.8437015332356,2.50767644654184,6.37597612839945,0.554328477656617,46.9595702155133,4.0826732322646,21.9571134360213,16.7978326562611,19.8659597754478,15.1980390699505,46.005380532616,35.1954588988328,24262.2871724689,2073.56875142615,70.9960644885246,6.06797488172112
172,29.3764744200412,3.02264612909479,6.49374697706174,0.668163881168323,47.8269618628039,4.92108001368415,28.2188964208148,20.247390338434,25.5313824759753,18.3190674490594,59.1253067864692,42.4231035662427,24573.5720580563,2099.66804155949,71.6100434816791,6.12012987054131
173,30.0696167485516,2.66505719434954,6.64696791283772,0.589117906119373,48.9554462151857,4.33890013395855,23.3975576947695,17.8520577611931,21.1692188666962,16.1518617839366,49.0234542176123,37.4043114996427,24430.4174481934,2087.10814629107,72.2414789475584,6.17261195331399
174,30.4487962563287,2.95891427130555,6.73078654087267,0.654075786288597,49.5727770629352,4.8173200767922,26.8876856901568,19.8204783723817,24.3269537196657,17.9328137654882,56.3361033508047,41.5286213516569,24712.4494140439,2110.16503474433,72.8889609073051,6.22695639183918
175,29.9452250248368,2.17741123609816,6.61947079496393,0.481322483769067,48.7529277597343,3.5449782931563,18.865173346641,14.5855298111838,17.0684901707704,13.1964317339282,39.5270298691525,30.5601576996233,24721.3973552181,2107.59911215298,73.5501387038401,6.280354018863
176,30.0017098735765,3.11798009582583,6.63195691942217,0.689237705393079,48.8448890573315,5.07629040162521,29.2411421429653,20.8859910725175,26.4562714626829,18.8968490656111,61.267154966213,43.7611241519415,25478.6612145006,2169.74770675561,74.2089250645728,6.32661100554286
177,31.0121926355998,2.90425980779156,6.85532679313259,0.641994273301292,50.4900259049765,4.72833877479047,25.9796961721047,19.454371918221,23.505439393809,17.6015745926761,54.4336491225051,40.7615411619868,25295.316747937,2154.7751126901,74.8588019011912,6.3749312567154
178,32.4128924175321,3.75089477050837,7.16495516598078,0.829145159796588,52.7704634446838,6.10671990707328,38.1389692442447,25.1256109029269,34.5066864590785,22.7326955788386,79.9102212736556,52.644137129942,25425.9282836712,2168.2243748106,75.5187916456652,6.43304902642817
179,35.2792657062733,3.97548659434251,7.79857452454463,0.87879177348624,57.4371203077572,6.472371157105,39.409517743018,26.6300537420073,35.656230338921,24.0938581475304,82.5723228901329,55.7963030784914,24636.9910870398,2105.32527396451,76.213114780154,6.49915831205626
180,36.8028579427574,3.23758300930464,8.1353685978727,0.715676244162079,59.9176353875068,5.27101233795562,28.3480747869524,21.6871589140024,25.648258140576,19.6217152079069,59.3959662202811,45.4397615341002,23414.6558345019,2001.43377965725,76.9694173072024,6.57733158268739
181,36.7695210225749,3.28343739568091,8.12799938393762,0.725812476939992,59.8633605420167,5.34566649682787,28.8227370643852,21.99431748303,26.0777144868247,19.8996205798843,60.3904967063308,46.0833318692058,23954.5475456546,2045.05951973914,77.7969469352323,6.64991356913058
182,36.9497819376341,3.39024543010306,8.16784653358228,0.749422674022783,60.1568379616218,5.5195574721678,30.0402835656889,22.7097780006904,27.1793041784805,20.5469420006246,62.9415465185863,47.5823920014466,24356.5822143576,2077.52836902319,78.6435529392176,6.71399642585322
183,37.175154128565,3.34945083857099,8.21766564947227,0.740404922210431,60.5237597040497,5.45314101437523,29.4644029830489,22.4365127942555,26.6582693656157,20.2997020519454,61.7349395835311,47.0098363308209,24552.8182202882,2092.58569002944,79.487504864217,6.77999667132836
184,37.3644528984873,3.4064884024643,8.25951064071824,0.753013225807898,60.8319513856073,5.54600217102959,30.0813000309339,22.8185826002393,27.2164143137021,20.6453842573594,63.0274857790996,47.8103635433586,24889.837491279,2119.56183709681,80.33379190721,6.8466821960146
185,37.7665739341754,3.53822294418476,8.34840055387037,0.782133492925053,61.4866326507277,5.76047524947975,31.5680324922699,23.7010149371228,28.5615532072918,21.4437754193016,66.1425442695178,49.6592693920668,25139.0659509932,2139.65013599862,81.1828384211788,6.91334550516927
186,38.236423553628,3.52333362606693,8.45226204869672,0.778842169972691,62.2515808030996,5.7362343947195,31.2271580096682,23.6012778779603,28.2531429611284,21.3535371276784,65.4283310678762,49.4502965062025,25163.6692561135,2140.78340575231,82.0368736551842,6.98236792947679
187,38.3991341429915,3.40805010022011,8.48822965266127,0.753358443206551,62.5164850608703,5.54854472456888,29.836305244044,22.8290437335318,26.9947523636589,20.6548490922431,62.5141633684732,47.8322821083524,25317.3093227177,2152.12921102451,82.9010855290741,7.05275794293701
188,38.5867532618541,3.56522280687848,8.52970335262038,0.78810188362577,62.8219421526326,5.80443292067233,31.6091030279024,23.8818752613869,28.5987122633403,21.6074109507787,66.2285968203669,50.0382148333822,25804.5818468482,2191.88397248852,83.7725019377356,7.12118520189788
189,39.0686056567391,3.65783524578913,8.63621809254232,0.808574106963914,63.6064316657085,5.95521247033738,32.5809625702278,24.5022456655731,29.4780137540156,22.168698459328,68.2648739566677,51.3380385373913,25941.6233140373,2202.69875621963,84.6453793041165,7.18991888119146
190,39.489025505594,3.60630423055414,8.72915300649972,0.797183040438284,64.2909046827915,5.87131636132322,31.7946698105652,24.1570618314631,28.7666060190828,21.8563892760857,66.6174034126129,50.6147962183037,25930.7956896531,2200.78691242341,85.5240401227379,7.26183147926969
191,39.822245704356,3.67526737375984,8.80281220833134,0.81242752472586,64.8334105502498,5.98359319798093,32.5325234255013,24.6190159007836,29.4341878611679,22.2743477197566,68.1633824153361,51.5826999825942,26174.5552433134,2220.29657520213,86.4138218088425,7.33407529662788
192,40.1526831229608,3.74627247498679,8.87585626928609,0.828123389207607,65.3713858563292,6.09919448559253,33.289014703045,25.0946481578063,30.1186323503741,22.7046816665866,69.748411758761,52.5792628068321,26425.0929090294,2240.72439303095,87.3121221420821,7.40638394668494
193,40.546300331213,3.7846047604346,8.96286638900498,0.836596841780281,66.0122222936239,6.16160213628651,33.6222891086223,25.3514194478873,30.4201663363726,22.9369985480885,70.4467009894944,53.1172597955734,26549.4537666645,2250.63981406404,88.2167025349353,7.4803641343203
194,40.9343671328061,3.82586556675871,9.04864957672557,0.845717651599294,66.6440222793755,6.22877762447733,33.992740301704,25.627807624221,30.7553364634465,23.1870640409619,71.2228844416655,53.6963588317011,26673.6152942372,2260.58196371353,89.128866666918,7.55559710063945
195,41.3700971260588,3.79021112791406,9.14496883839195,0.837836144065214,67.3534212859343,6.17072969597236,33.3969783757541,25.3889740625822,30.2163137685394,22.9709765328125,69.9746213587229,53.1959456549342,26507.9892995889,2245.67303123769,90.0498749485577,7.63170349792621
196,41.6843026267611,3.82110931982861,9.21442479117878,0.844666270698956,67.8649698905865,6.22103412070341,33.6640536719668,25.595947596938,30.4579533222557,23.1582383019915,70.5342076936448,53.6296044888225,26675.3128039284,2258.71857576036,90.9815427309864,7.70766860293488
197,41.9898659265185,3.84183907962636,9.2819703627041,0.849248638654248,68.3624483856301,6.25478362437414,33.8105218741468,25.7348072319469,30.5904721718471,23.2838732098567,70.8410934505934,53.9205484859839,26813.7284079497,2269.31463727066,91.9224018359114,7.7834827310705
198,42.2913703944171,3.8745013409726,9.3486187187659,0.856468717478154,68.8533188175774,6.30796007793434,34.1021254206785,25.953597499338,30.8543039520425,23.4818263089248,71.4520723099931,54.3789661890891,26993.4860551051,2283.42150642705,92.8695966732246,7.85979226318591
199,42.582812059419,3.89031764656182,9.41304266576632,0.859964953450508,69.3278063002471,6.33371013334978,34.196727050148,26.0595440439548,30.9398959025148,23.5776827064353,71.6502852479291,54.6009494254291,27100.9206851654,2291.40563098086,93.8228824799628,7.93662542186573
200,42.7902518306513,3.86901267668249,9.45889777309134,0.855255433792973,69.6655328049901,6.29902414730061,33.8809537458289,25.9168313270597,30.6541962462261,23.4485616768636,70.9886649912605,54.3019323043156,27313.491049332,2308.09757567945,94.7821919692412,8.01391402595083
201,43.0043909017415,3.93200262152453,9.50623377827971,0.869179526863318,70.0141662400283,6.40157619785047,34.5480238900123,26.3387735413126,31.2577359004874,23.8303189183305,72.3863357695497,55.1860017056075,26403.8724529104,2229.8832874458,95.7460790319079,8.09092080156353
202,43.3456345216955,4.00059514894415,9.58166657848006,0.884342085556075,70.569734800234,6.51324964600029,35.2579411118144,26.7982450168507,31.9000419583083,24.2460312057221,73.8737813771349,56.1487038448301,26724.943945726,2256.1254392572,96.7182250843573,8.16813344677617
203,43.6723580126388,3.98470614205895,9.65388966595173,0.880829778770926,71.101663571454,6.48738122777317,34.9616718245591,26.6918114779068,31.6319887936487,24.1497341942967,73.2530266800285,55.9257002394238,27802.0582828843,2346.08229438441,97.6983359271454,8.24771425174791
204,43.9223736240972,4.00594296470602,9.70915627480044,0.885524234303436,71.5087065318635,6.52195626534594,35.1305884240913,26.8340677061647,31.7848180979874,24.2784422103395,73.6069471742866,56.2237609081546,27828.8318979796,2347.27915608438,98.6815902725402,8.32726589392954
205,44.1825301945023,4.03831608300079,9.76666456931104,0.892680397294912,71.9322596850844,6.5746619737276,35.4274442337563,27.0509211301488,32.0534019257795,24.4746429272775,74.2289307754893,56.678120463169,27989.4431598676,2359.82081590535,99.6671013229603,8.40662340195887
206,44.4422862513643,4.05435031347733,9.82408432924897,0.896224806137094,72.355160774151,6.60076682615256,35.5322085887902,27.1583274586998,32.1481887231911,24.5718200816807,74.4484370431794,56.9031622944186,28359.7166288753,2390.05663768811,100.657793907754,8.48656959661192
207,44.6761770583242,4.06823394801278,9.87578650762956,0.899293820087035,72.7359514212716,6.62337035746641,35.6183330054169,27.2513278814253,32.2261108144248,24.6559633212896,74.6288882018259,57.0980203229864,28530.1769729894,2403.40669769044,101.652512211056,8.56691428645421
208,44.9495721318676,4.12562241771677,9.93622120809705,0.911979692337392,73.1810577866194,6.71680281340555,36.2048739669526,27.6357482526482,32.7567907320047,25.0037722285865,75.857831168853,57.9034725293582,28613.1605597227,2409.50198782555,102.650859312421,8.64739686082998
209,45.2078978172584,4.10973059494429,9.99332478065712,0.908466763092947,73.601630130554,6.69092981071631,35.9396538202418,27.5292958513014,32.5168296468854,24.9074581511775,75.3021318138399,57.6804294027268,29306.0917540846,2466.92804192571,103.654120968045,8.72866910306939
210,45.429723320667,4.14618561359466,10.0423598919369,0.916525240899873,73.9627776168052,6.75028113932605,36.2890548077157,27.773492148481,32.832954349838,25.1283976581495,76.0342100733091,58.1920787872934,29162.2012606185,2453.83401524999,104.660710271346,8.81012873442121
211,45.6722477429969,4.16695160971555,10.0959705537151,0.921115618989753,74.357624395616,6.78408963827372,36.4548205200681,27.912594514841,32.9829328514902,25.2542521800942,76.3815287087142,58.4835313644287,29384.3057027292,2471.63539050407,105.670696100377,8.8915903908946
212,45.9417536655642,4.21033573102591,10.1555455471247,0.93070579317415,74.7963989502519,6.85472203226675,36.8762611231866,28.2032058537621,33.3642362543117,25.5171862486419,77.2645471152481,59.0924313126444,29592.3718502687,2488.33743778319,106.685563199507,8.97376362495676
213,46.18061800454,4.19666095730069,10.2083471378457,0.927682948455943,75.1852868565143,6.83245854100884,36.6462491885433,28.1116044986649,33.1561302182059,25.4343088321254,76.7826173474241,58.9005046638693,30007.1789662974,2522.369410418,107.704710036333,9.05657929567264
214,46.4154160040307,4.24996585298358,10.2602498535226,0.939466135922687,75.5675544767376,6.91924265187501,37.1848558155258,28.4686707855359,33.643440975952,25.7573688059611,77.9111264706256,59.6486435506467,30034.7509826989,2523.84719512435,108.727366317743,9.13949902399066
215,46.7099872282572,4.28470878432283,10.3253655978253,0.947146152323994,76.0471371014433,6.97580658219576,37.4986098987728,28.7013985552725,33.9273137179373,25.9679320261989,78.5685159783812,60.1362636396186,30380.9228743328,2552.26949353398,109.753748390374,9.2227063972993
216,46.9237194175195,4.24883435419794,10.3726116607148,0.939216015138491,76.3951081043124,6.91740049244856,37.0300011763802,28.461091367833,33.5033343976774,25.7505112375632,77.5866691314634,59.6327628659359,30817.3588801961,2588.10005470638,110.784814511992,9.30691617220955
217,47.1524385107603,4.33091909462986,10.4231706181681,0.957361063023443,76.767478838571,7.0510402102044,37.8924686366928,29.0109413037407,34.2836620998649,26.2479945129082,79.3937438102135,60.7848293983138,30719.2904186285,2579.07033683643,111.818788746629,9.39075325687059
218,47.4534666117951,4.34704899960404,10.489713672081,0.960926620965103,77.2575737118349,7.07730082742552,37.9872273501072,29.118988514094,34.3693961739065,26.3457515127517,79.5922858764151,61.0112140295303,31157.4794900068,2615.27744881799,112.856487323325,9.47498509271032
219,47.659364146189,4.32013410519308,10.5352278638944,0.954977012726892,77.5927893467779,7.03348149055996,37.6269408395604,28.9386973553604,34.0434226643642,26.1826309405641,78.8373998543171,60.6334611255169,31507.2738590854,2643.85855539497,113.898957660309,9.56038101568587
220,47.8443716771502,4.36708074168707,10.5761242654753,0.965354690267669,77.8939945901673,7.10991390927299,38.0953443063493,29.2531724323536,34.4672162771732,26.4671560102247,79.8188166418747,61.2923612868361,31479.0488904966,2640.66898556001,114.944270550272,9.6452772920669
221,48.0358972222843,4.36293517227688,10.6184614912418,0.964438301240152,78.2058116180348,7.10316463135604,37.9960471397292,29.2254030678834,34.3773759835645,26.4420313471326,79.6107654356231,61.2341778565175,31697.8059282256,2658.25709889025,115.992652899348,9.73022412874122
222,48.1835240852544,4.37071175913187,10.6510947977931,0.966157336229151,78.44615851073,7.11582546048137,38.0388790972299,29.277495037247,34.4161287070175,26.4891621765568,79.7005085846721,61.3433229351841,31787.9416991209,2664.97121922967,117.044325831425,9.81562921833515
223,48.3489285232832,4.36674922342941,10.6876578840942,0.965281407284397,78.7154485431698,7.10937417428507,37.9626257880778,29.2509517358908,34.3471376177846,26.4651468086631,79.5407397464487,61.2877083990092,31967.3647356079,2679.10002136029,118.098397652935,9.90088737928307
224,48.5043936776494,4.36897234665947,10.7220238655857,0.965772834524726,78.9685567243134,7.11299357491227,37.9529503807408,29.2658434704462,34.3383836778131,26.4786202827847,79.5204674644094,61.318910128554,32119.2512960382,2690.82339006926,119.154646028678,9.98603473764062
225,48.6676946918003,4.36626877590632,10.7581219845032,0.965175203095082,79.2344222350712,7.10859197200186,37.8907849286844,29.2477334271237,34.2821387450002,26.4622350054929,79.3902160410531,61.2809652758782,32306.300432828,2705.40219052237,120.212956470268,10.0709643596043
226,48.9249899794237,4.55692989362288,10.8149977849252,1.00732134490611,79.6533170191318,7.41900165137199,39.9512032587055,30.5248892395791,36.1463267578764,27.6177569310478,83.70728301824,63.9569107876896,32217.2394209512,2697.42760326491,121.273270983869,10.1556962133052
227,49.24393730072,4.4722076534126,10.8855019296329,0.988593270754363,80.1725856404705,7.28106789888927,38.8746255724775,29.9573718410413,35.1722802798606,27.1042888085612,81.4515964375719,62.7678267145627,32839.2327501092,2749.19103864255,122.337963854115,10.2428950015101
228,49.419909232214,4.50956336208434,10.9244009881736,0.996850848460749,80.4590802938502,7.34188561406012,39.2370312096135,30.2076014685075,35.5001710944122,27.3306870429354,82.2109225344283,63.2921173625872,32961.9451518989,2758.83032763998,123.407317569,10.3312490320738
229,49.3555223737463,4.34563496272404,10.9101681036702,0.96061404439163,80.3542539698887,7.07499867615422,37.5430007762904,29.109516496716,33.9674768928342,26.3371815922669,78.661525436037,60.9913678978812,33179.1787994414,2775.89435152943,124.479449831541,10.4186109096602
230,48.6573325479826,4.05480860639497,10.7558314053435,0.896326112992572,79.2175519377681,6.60151295918338,34.7749952906708,27.1613973634113,31.4630909772735,24.574597614515,72.8618948947387,56.9095944757188,32829.7773810056,2744.12805218129,125.550853502891,10.5040545811894
231,48.2372250376626,4.34099064065409,10.6629655346412,0.959587404776167,78.5335874297383,7.06743739390699,37.62895497238,29.0784062053384,34.0452449750105,26.3090341857823,78.8416199421296,60.9261844302328,31997.7955029358,2672.48415807358,126.611778660022,10.5830426300288
232,48.2098055090087,4.32015897438439,10.6569043756756,0.954982510127075,78.4889465129123,7.0335219793486,37.4072627046534,28.9388639432447,33.8446662565911,26.1827816629356,78.377121857369,60.6338101667984,32082.9647516058,2678.7026679041,127.661530528915,10.662403849123
233,48.8417435278737,4.8105493268401,10.7965959377405,1.06338458803834,79.5177859541523,7.83191188650458,43.0494903167823,32.2237753951011,38.9495388580411,29.1548444050915,90.1989320923058,67.5164817802119,32133.0581883779,2683.40134032213,128.706722238014,10.7461091238117
234,49.6370505178143,4.54623209971875,10.97240064078,1.00495656941152,80.8126015447925,7.40158489217369,39.5294758462931,30.4532293761065,35.7647638609319,27.5529218164773,82.8236636779475,63.8067663118422,33251.7752518563,2777.64461910813,129.758767116361,10.8360320874945
235,49.7293034802705,4.46647997731482,10.9927934009019,0.98732715288012,80.9627958415632,7.27174284025992,38.6584372323401,29.9190046327308,34.9766813054506,27.0695756200898,80.9986303915697,62.6874382781027,33522.5301775234,2799.66598323336,130.824560694506,10.9282627561364
236,49.7558243158974,4.50547768193535,10.9986559014089,0.995947698112026,81.0059736230751,7.33523384006317,39.0451417343652,30.180233276122,35.3265568072828,27.3059253450627,81.8088683958128,63.2347744833032,33558.869986196,2801.93975248005,131.89577712203,11.0154012416481
237,49.853261792771,4.52826745156834,11.0201947120862,1.00098543666247,81.164608673143,7.37233718430774,39.2536768763409,30.332892020075,35.5152314595465,27.4440451610202,82.2457991694761,63.5546308992047,33694.0657214476,2812.6636352858,132.966501765646,11.1018078737043
238,49.8664268504501,4.47019659444268,11.0231048827311,0.988148720876805,81.1860423109083,7.27779375375931,38.6425889166489,29.9439006326304,34.9623423531586,27.0921005723799,80.9654243967883,62.7396013255113,33864.0154449046,2826.14523696947,134.037294662548,11.1889680392432
239,49.9504979017012,4.57002480193653,11.0416890098497,1.01021600884913,81.3229158820679,7.44032108104754,39.6676542587919,30.6126063287614,35.8897824246212,27.6971200117365,83.1131803517544,64.1406989745477,33894.0778448462,2828.08165958647,135.107511183739,11.2754924126453
240,50.3451640731458,4.71812788392181,11.1289310056428,1.04295458486693,81.9654601050514,7.68144329171831,41.2778171174632,31.6046843899069,37.3465964396096,28.594714448011,86.48685491278,66.2193387217096,34144.1727382754,2849.08739324667,136.177392464277,11.3624801312331
241,50.3648552663708,4.39591817865858,11.1332837957241,0.971729281598212,81.9975187494597,7.15686328034238,37.8055799854643,29.4463418666124,34.2050485582772,26.6419283555065,79.2116913981157,61.6970972443309,34671.059736766,2892.47251594684,137.251648055726,11.4526699233671
242,49.925345136423,4.36136165406222,11.0361289248935,0.964090470897963,81.2819654150886,7.10060283328023,37.5031396539598,29.2148627544837,33.9314120678684,26.4324948731043,78.5780068940111,61.2120933903468,34418.8712763949,2869.76103210038,138.327796706354,11.540153465235
243,49.6585382170455,4.433924924108,10.9771505532416,0.980130772697559,80.8475850270495,7.21874092907408,38.244837155756,29.7009325059866,34.6024717123506,26.8722722673212,80.1320397549173,62.2305252506386,34216.3969935525,2851.61301198622,139.396402494257,11.6225299975874
244,49.4334540509301,4.36551133352752,10.9273951059951,0.965007768463979,80.4811322092335,7.10735880265533,37.5776097339599,29.2426596504236,33.9987897592971,26.4576444456213,78.7340394425827,61.2703345056494,34231.4913295288,2851.80994814835,140.456481894945,11.7057190873985
245,49.5087616268287,4.58933616562311,10.9440420438253,1.01448483661142,80.6037382275386,7.4717613363127,39.9216747706996,30.7419647458007,36.1196105068234,27.814158579534,83.6454138052753,64.4117356578681,34159.4367837136,2845.33713691263,141.509870889751,11.7891228775202
246,49.8185138643711,4.57500899726958,11.0125135910715,1.0113177783438,81.1080366072567,7.44843570081784,39.6754800764335,30.6459932831455,35.896862926297,27.7273272561793,83.1295773030035,64.2106525932572,34514.272162069,2875.00771119543,142.560722960558,11.8747074746322
247,49.6839428138129,4.3433059755295,10.9827663062113,0.960099215643364,80.8889454933656,7.07120692156382,37.302591581056,29.0939156255564,33.7499638114316,26.3230665183606,78.1578109317363,60.9586803583087,34783.3757211589,2896.68131370784,143.614656733105,11.9629712488078
248,49.2887975749689,4.33270817711608,10.8954184113089,0.957756544415134,80.2456213150371,7.05395296204161,37.2331423602686,29.0229255883373,33.6871288021478,26.2588374370671,78.0122982786581,60.8099393279449,34627.0677187347,2882.29539289864,144.667866834914,12.0476146396497
249,48.9622564355356,4.32500663444701,10.8232356331184,0.95605409814092,79.713989424872,7.04141431011724,37.1835974733246,28.9713363073006,33.6423024758651,26.212161420891,77.9084899441086,60.7018475010107,34530.8190608708,2873.11104153624,145.712878190479,12.1288802420653
250,48.9892036344173,4.51960279624165,10.8291923823449,0.999070091800787,79.7578613556829,7.35823051738992,39.2034720858872,30.2748512666905,35.4698080777074,27.3915320984342,82.1406081799541,63.4330217016372,34482.1036439368,2868.61102408932,146.748532107624,12.2101021462714
251,50.1505072284759,5.20176663093384,11.0859015978736,1.14986420262748,81.6485451017993,8.46884111141509,47.4336995127902,34.8443697765903,42.9162043210959,31.525858369296,99.3848942172748,73.0072509604749,34777.0931302635,2895.0361785502,147.780032495716,12.2940129968558
252,50.8793304022731,4.37852736491115,11.2470098783972,0.967884996454046,82.835120374227,7.1285498151536,37.4848736613235,29.3298483773953,33.9148856935784,26.53652948431,78.5397352903921,61.4530156478758,36208.826081855,3015.15727433717,148.825570446952,12.3890576225982
253,50.1443332421245,4.35795483504598,11.0845368219433,0.963337384589112,81.638493418757,7.09505629284678,37.3415479364411,29.1920419572458,33.7852100377325,26.4118474851271,78.239433771591,61.1642783866102,35807.3999332348,2979.9630590052,149.889749308671,12.4815194769071
254,48.9715768577359,4.6005055494089,10.8252959369732,1.01695385829039,79.7291637262787,7.48994587693238,40.1305857181014,30.8167835845572,36.3086251735203,27.8818518145994,84.0831319807839,64.5684989390723,34919.9653890635,2905.68447379065,150.948178433179,12.5622077110798
255,48.3570186852716,4.50714089073127,10.6894462356916,0.996315354793228,78.7286198946175,7.33794166069932,39.1805017879748,30.1913743876735,35.4490254272153,27.3160053983713,82.0924799367092,63.2581177646493,34754.439732804,2892.48656654808,151.985869884424,12.6467187879015
256,48.8753261422011,4.61356888336464,10.8040194630129,1.0198415426385,79.572460806952,7.51121390133751,40.2948032930481,30.9042891708636,36.4572029794245,27.9610235355433,84.4272068997199,64.7518439770476,35108.1790313394,2922.57517831268,153.002891376046,12.7338783577197
257,49.2041399002638,4.47154140787402,10.876704609532,0.988445995424784,80.1077926797277,7.2799832043984,38.5677722899501,29.9529089522661,34.8946511194786,27.1002509568122,80.8086657503716,62.7584758999862,35567.7892197226,2961.14634608756,154.017220051343,12.8211407362646
258,49.2849279066132,4.4898644786395,10.8945630109356,0.992496358436099,80.2393212233984,7.30981444943412,38.7348659326499,30.0756472253363,35.0458310819213,27.2112998705424,81.1587667160283,63.0156418054666,35731.1403126238,2974.55824434554,155.03901006654,12.9075550724698
259,48.9542130899542,4.21871559313351,10.8214576304109,0.932558183745304,79.7008942938202,6.86836503583841,36.0824788147463,28.2593389013728,32.6460522609609,25.5679732917182,75.601384183278,59.2100434124001,35910.4965096989,2988.58576771933,156.063089521372,12.9919936926789
260,48.5486972411054,4.32034847613038,10.7318172848759,0.955024399986719,79.0406860346418,7.03383050148947,37.0850162018181,28.9401333329308,33.553109896883,26.183930158366,77.7019387085713,60.6364698404265,35692.1335620245,2969.21007341535,157.082058258735,13.0728686402128
261,48.6377041997969,4.5165923107,10.7514925073235,0.998404616049476,79.1855956094939,7.35332923566597,39.1451655863073,30.2546853348326,35.4170545780876,27.3732867315152,82.0184421808344,63.3907692729825,35702.9865831675,2969.95226187427,158.090873169122,13.1514977190442
262,48.3567130360593,4.12781689341681,10.6893786711289,0.912464786965823,78.7281222762508,6.72037557384352,35.2561830276611,27.6504480898734,31.898451310741,25.017072081314,73.8700977722423,57.9342721883062,36016.5135349358,2995.34231676126,159.095605623736,13.2343649368324
263,47.6462588660244,4.09782239212422,10.5323309072264,0.905834423522196,77.571453031001,6.67154242086188,35.0212139467052,27.449527985521,31.6858602374952,24.8352872249952,73.3777816026204,57.5132967315679,35748.7754179927,2971.39436977051,160.096144624724,13.3145246354735
264,47.8633822491399,4.64408069359816,10.5803266024415,1.02658625858486,77.9249451354419,7.56088926957736,40.9488604715354,31.1086745025714,37.0489689980559,28.1459435975646,85.7976124165504,65.1800799101497,35545.9723689,2954.59950995677,161.082836795075,13.3890078393746
265,48.14868597667,4.24661378561616,10.6433937422113,0.938725152609889,78.3894396251749,6.91378525096806,36.3692280173073,28.4462167457542,32.905492015659,25.7370532461585,76.2021920362629,59.601596991104,36169.2780079204,3006.77999252762,162.064615007831,13.4708941737212
266,47.984905521196,4.3432742926747,10.6071896415275,0.960092212064934,78.1227935502981,7.07115533965285,37.3529039139329,29.0937033959071,33.7954844935584,26.3228745010588,78.2632272482404,60.9582356866624,36119.5670472904,3002.08276486169,163.0505660302,13.5545193797496
267,47.0310763454817,3.75304544296754,10.3963431921591,0.829620571603351,76.5698927168543,6.11022135276118,31.909206418896,25.1400173213136,28.8702343790012,22.745729957379,66.8573848776869,52.6743220065619,36239.3672049992,3010.28358568381,164.035101785642,13.6337999638329
268,46.5798866837187,4.33200957503134,10.2966065300852,0.957602116585877,75.8353242850718,7.05281558882296,37.5103405307876,29.0182459571478,33.9379271469031,26.2546034850384,78.5930944454598,60.8001343864048,35597.2419728501,2955.59208431092,165.004538445852,13.7063776758873
269,46.7304505256141,4.23091985006121,10.3298890635568,0.935255966855635,76.0804527855611,6.88823442255578,36.3668241208283,28.3410899047162,32.9033170617018,25.6419384852194,76.1971553007831,59.3813312289291,35889.4827325856,2980.03016370035,165.957288992799,13.7792149755569
270,46.1866779853328,3.89012204677416,10.2096867125473,0.859921715602711,75.1951529305067,6.33339168316917,33.1362411303675,26.0582338061427,29.9804086417611,23.5764972531767,69.4283147493415,54.5982041652514,36006.9042215705,2988.769250815,166.906306279875,13.8588184993327
271,45.7705806594202,4.13218609219221,10.1177073036613,0.913430609853016,74.5177172841086,6.7274889360603,35.4815252019827,27.6797154500914,32.1023323256034,25.0435520738922,74.3422432803446,57.9955942763819,35697.5088593527,2962.0704467802,167.848294232907,13.9323230211093
272,45.8262329303194,4.2052748980882,10.1300093845969,0.929587082735286,74.6083230865551,6.84648264109797,36.2397248691676,28.1693055374329,32.7883225006754,25.4865145338678,75.9308521068274,59.0214020784308,35795.0289812051,2970.16666592965,168.778008163277,14.0046845290126
273,45.5319138597406,3.92589007698866,10.0649493795216,0.86782833280802,74.129150985683,6.39162454639557,33.5133102898855,26.2978282669097,30.3215664527535,23.7932731938707,70.218364416903,55.1002116068584,35989.8877756792,2985.82064467541,169.703167783859,14.0814718244521
274,45.366223902772,4.17507396170082,10.0283231785075,0.922911086270709,73.8593961083727,6.79731339729537,35.994892552555,27.9670026142639,32.5668075475498,25.3034785557626,75.4178701101152,58.5975292870291,35821.5728821184,2971.38894909576,170.623773560694,14.1554202320746
275,44.9870084167073,3.8238439198474,9.94449659737742,0.845270761229426,73.2420066854463,6.22548624143576,32.5829021095256,25.6142654918007,29.479768575285,23.1748116354388,68.2689377532916,53.6679848399635,36028.8424700653,2987.97352154437,171.537839809336,14.2290134282646
276,45.0762930490019,4.34965616147401,9.96423320030569,0.961502940957414,73.3873683324101,7.08154546990857,38.1673924666739,29.1364527562852,34.532402707943,26.3615524937819,79.9697746920786,61.0478057750738,35785.3448150683,2967.75545171421,172.444230938202,14.3012864322392
277,45.0828184849808,3.86903715362723,9.96567566510102,0.855260844486019,73.3979922001091,6.29906399748432,32.9948880691525,25.9169952874551,29.8525177768523,23.4487100219832,69.1321464306052,54.3022758403821,36287.7588551334,3009.50800060771,173.34686243452,14.3760273566228
278,44.3554078737675,3.78140314535577,9.80487963525386,0.835889116341802,72.2137166786951,6.15638968226342,32.2194256387054,25.3299732224788,29.1509089112097,22.917594820338,67.5073680049066,53.0723248470985,36092.31718219,2991.97340349647,174.249237325172,14.451277520979
279,44.0686294831374,4.01898427152212,9.74148651732511,0.888407049494364,71.74682133395,6.54318842802198,34.5291275851731,26.9214257422534,31.2406392437281,24.3574804334674,72.3467435117913,56.406796793293,35867.6744787587,2972.72769847417,175.140335184099,14.518747081411
280,44.2056538885336,4.08240567618416,9.77177612272848,0.902426517893342,71.9699066816827,6.64644292543666,35.1903739556586,27.34625811798,31.8389097694054,24.7418525829343,73.7322120975704,57.2969217710057,36010.2634645981,2984.79278642979,176.019457939039,14.5885654893983
281,43.7208124775519,3.65057693882608,9.66460065293253,0.806969639108924,71.1805508406459,5.94339543724667,31.0320409543356,24.4536254275431,28.0766084824941,22.1247087201581,65.0195143805128,51.2361675624713,36223.756337907,3001.81418539002,176.896366041451,14.6624586022605
282,43.7628223719998,4.25284011043507,9.6738870506526,0.940101498096173,71.2489458968699,6.92392214470831,37.3934989397675,28.4879241847325,33.8322133264564,25.7747885480913,78.3482834928463,59.6889840061062,35894.0622194497,2974.41493112175,177.767273734964,14.7313359503058
283,44.1148843611349,3.95936763662664,9.75171127982983,0.875228635464837,71.8221275212863,6.44612836278864,33.8924906189641,26.5220798625708,30.664634369539,23.9961674947069,71.0128374873534,55.5700720930055,36412.950220616,3018.07034647324,178.632908730368,14.8026820611407
284,44.0289449338446,3.99076184390555,9.73271414327091,0.882168407600174,71.6822121028206,6.49724033534096,34.2130471088473,26.732375987884,30.9546616699095,24.1864354176094,71.6844796566325,56.0106925460427,36461.5142226046,3021.97988214754,179.502007451738,14.8779399235766
285,43.9014253844976,3.92614456705579,9.70452561131001,0.86788458850707,71.4746013277435,6.39203887408381,33.5892981641499,26.2995329850627,30.3903173866118,23.7948155579138,70.3775771058378,55.1037833972742,36563.347106282,3030.27421204641,180.371853087814,14.9494644684592
286,43.7255986538524,3.92327488363751,9.66565864979896,0.867250237435661,71.1883430715351,6.38736682809756,33.5712704859732,26.280310225323,30.3740066301662,23.777423537197,70.3398048277533,55.0635071387721,36590.4471624325,3032.27417980986,181.237983150884,15.0205282079076
287,43.3735758792194,3.78392674115279,9.5878430890906,0.836446963833775,70.6152252910799,6.16049827331542,32.2797051255529,25.3468776919325,29.2054474945478,22.9328893403199,67.6336678821108,53.1077437354777,36633.5344707627,3035.35397046617,182.099315298987,15.0906888207994
288,43.4431276803266,4.11614065228312,9.60321769775642,0.909883723136269,70.7284605041107,6.70136583389252,35.7593547769232,27.5722340344324,32.3537019410258,24.9463069835341,74.9243623897439,57.7703951197631,36528.7721800344,3026.77976580229,182.95321352315,15.159000383112
289,43.8163426794055,4.05673321774948,9.68571785544754,0.896751553397254,71.3360807131374,6.60464636152898,34.9346800849553,27.1742894968865,31.607567695912,24.5862619257544,73.196472558954,56.936606564905,36882.5004681838,3056.79929266721,183.803511887214,15.2299876908454
290,44.0842294080569,4.10804331391225,9.74493492178101,0.908093785180604,71.7722191064505,6.68818279879046,35.4369414837812,27.5179934903213,32.0619946758021,24.8972322055288,74.2488297755416,57.6567482654351,37100.5935519316,3075.40877124362,184.657910190569,15.3043357172289
291,43.6822945992445,3.67337438986051,9.65608617456985,0.812009075653376,71.1178410317525,5.98051128735185,31.2001511426496,24.6063356258599,28.228708176683,22.2628750900637,65.3717452512658,51.5561317875159,37355.7989836086,3096.11210552256,185.518026658248,15.3782921453795
292,43.4833326562499,4.06587713206359,9.61210511348682,0.898772839719319,70.7939170263156,6.61953329571053,35.1055669756893,27.2355405975551,31.7621796446713,24.6416795882642,73.5545212823967,57.0649422044012,37050.4290293452,3070.39740186592,186.374546454638,15.4470391516101
293,42.3300657855511,3.17667300152746,9.35717243680603,0.70221192665344,68.9163176298094,5.17184657090787,26.9208727436309,21.2791492925285,24.3569801013803,19.252563645621,56.4056381295124,44.5848842319644,37317.4605879831,3091.06448120696,187.223175100556,15.5153277696875
294,42.1096196708576,4.20481973998624,9.30844224303168,0.929486468839064,68.5574158851856,6.84574161176707,37.3568932122964,28.1662566314868,33.7990938587444,25.4837559999166,78.2715857781449,59.0150138945437,36471.9109739837,3020.31819694906,188.054789945333,15.5768766835126
295,43.4599274200035,4.43175474960128,9.60693132442183,0.979651049911863,70.7558116592337,7.21520773268419,39.7062762495579,29.6863954518746,35.9247261305523,26.8591196945532,83.1941026181212,62.2000666610706,37120.7092988992,3076.24509538566,188.871350897197,15.6408469631348
296,44.2804156864838,4.05683885171508,9.78830241490694,0.896774904063334,72.0916241351876,6.60481834103789,34.7939786501058,27.1749970928283,31.4802663977147,24.5869021316065,72.9016695526025,56.9380891468783,37926.6917124649,3144.42916813124,189.700968398209,15.7207845606065
297,44.2163260100319,3.96941529587781,9.77413522327022,0.877449696983514,71.9872816444028,6.46248665714843,33.9283095733712,26.5893847570762,30.6970419949549,24.0570623992594,71.0878867251586,55.7110918719691,38078.296191551,3157.04435405268,190.552982632401,15.7983818152745
298,43.8952209365146,3.8574803209556,9.70315410175586,0.852706176211238,71.4645000510272,6.28024866288911,32.8900288551754,25.8395810973102,29.7576451546825,23.3786686118521,68.9124414108438,54.1400746800785,38114.0420226655,3159.62799969027,191.410646775524,15.8697200806564
299,43.9216139317258,4.12320411501545,9.70898834280255,0.91144512016131,71.5074696993711,6.71286564690234,35.6112976409617,27.6195490957973,32.2197454846796,24.9891158485785,74.6141474382055,57.8695314388132,38034.0967969371,3153.10282639321,192.262336364647,15.9384161066505
300,43.6416928935127,3.71879145563182,9.64711106067123,0.822048637560719,71.0517386055785,6.05445345759005,31.5965131982986,24.9105647745672,28.5873214651273,22.5381300341322,66.2022181297685,52.1935642895694,38324.5224954708,3176.97957870766,193.110152264025,16.0092185219961
301,43.6772468275082,4.19876995761369,9.65497035134393,0.928149148525133,71.1096229051362,6.83589214151843,36.600663244904,28.1257317734889,33.1148857930084,25.4470906522042,76.6871039417037,58.9301046682624,38078.8964017455,3156.68202898341,193.953672282781,16.07813524958
302,44.0670161450753,4.04541172420242,9.74112988470085,0.894248907455272,71.7441947063681,6.58621417554358,34.6875902344144,27.0984517410688,31.3840102120892,24.517646813348,72.6787604911539,56.7777084098585,38512.5261841955,3193.42573864497,194.793723573029,16.1481005141093
303,44.0890833404276,4.00651409434546,9.74600789630504,0.885650484013207,71.7801216489768,6.52288610447822,34.2856220303614,26.8378934549456,31.0203246941365,24.2819036020937,71.8365413969477,56.2317767627433,38669.4944879295,3206.65142311063,195.637753693937,16.2221152439822
304,43.6955418542588,3.76983775141092,9.65901451515195,0.833332555575047,71.1394084925477,6.13756040931462,32.0621222664959,25.2525016840923,29.0085868125439,22.8475015237025,67.1777799869438,52.9100035285743,38767.0179363518,3214.32357295011,196.484488089645,16.2933928073069
305,43.6197913089422,4.09191045861355,9.64226965776618,0.904527575061944,71.0160812889445,6.66191737823399,35.2925304355857,27.4099265170286,31.931337060768,24.7994573249306,73.9462542459891,57.4303222261551,38582.2087797062,3198.92887103985,197.325267090344,16.3610019885594
306,44.1553380165404,4.2473830444291,9.76065366681419,0.938895199294853,71.8879889111394,6.91503765829859,36.9976672485804,28.4513696756016,33.4740798915727,25.7417154207824,77.5189218541684,59.6123936060223,38862.0824578291,3223.15651262418,198.160147349869,16.4298581262261
307,44.9886732740343,4.40430280202374,9.94486461847074,0.97358272465788,73.2447171900066,7.17051403557549,38.6784128199407,29.5025068078145,34.9947544561368,26.6927442546893,81.0404840036853,61.8147761687542,39302.984399041,3261.21069488175,198.999920316429,16.504722562812
308,45.19986393113,3.97027756518032,9.99154886898664,0.877640303881965,73.5885504001555,6.46389049208304,33.811053610645,26.5951607236959,30.5909532667741,24.0622882738201,70.842207565161,55.7231938972676,39869.5811037572,3308.80181333777,199.854108211878,16.5831263218916
309,44.7859521285354,3.95975649932176,9.90005257578152,0.875314594586916,72.9146729390892,6.4467614585449,33.7457649628847,26.524684684452,30.5318825854672,23.9985242383137,70.7054123031871,55.5755298150422,39770.8067336277,3300.06845767632,200.71805882622,16.6577189583576
310,44.5672954872288,4.03152135525347,9.85171794980849,0.891178404845505,72.5586845827164,6.56359968013197,34.4424443854756,27.0054062074395,31.1622115868589,24.433462759112,72.165121569568,56.5827558632066,39709.6860228085,3294.77973379286,201.57700062905,16.7262863442612
311,44.325588623801,3.93122664609251,9.79828801157708,0.86900799545203,72.1651688471708,6.40031285539272,33.5077640914268,26.3335756197585,30.3165484636719,23.8256160369243,70.2067438106086,55.1751108223511,39775.8390000555,3300.09199038068,202.428090437779,16.795800640219
312,44.2643885935961,4.08734735348459,9.78475958384757,0.903518888665014,72.0655309032582,6.65448832286613,35.0567198146139,27.3793602625762,31.7179845941745,24.7718021423308,73.4521748496673,57.3662786453977,39731.1282529949,3296.42545608515,203.272945181152,16.8649973229345
313,44.1465184532037,3.9217868886608,9.75870407912924,0.866921312230283,71.8736300431105,6.38494426785477,33.4265686932312,26.270342794857,30.2430859605426,23.768405385823,70.0366201191512,55.0426229987481,39914.0768203706,3311.66811810828,204.113555293897,16.9349613058654
314,44.6771048010875,4.49587200508905,9.87599158760882,0.993824337967054,72.737461851595,7.3195951240748,39.9341111003718,30.1158890293046,36.1308624241459,27.2477091217518,83.6714708769696,63.0999579661621,39878.1261809468,3309.66944833078,204.95103379055,17.0047727129467
315,45.8365411092901,4.47820371817735,10.1322880346852,0.989918716649731,74.6251055253004,7.29082991310277,39.2287982219579,29.9975368681736,35.4927222008191,27.1406285950142,82.1936724650547,62.8519820095066,40619.5309415099,3373.15711354417,205.793255864857,17.0797305900963
316,46.2534792019738,4.19608039195506,10.2244532972784,0.927554612958487,75.3039099990029,6.83151333988473,35.8418060895418,28.1077155441965,32.4283007476807,25.4307902542731,75.0971175209448,58.8923563783166,41180.9282861437,3420.67273193528,206.653433844725,17.1610672071869
317,46.4134097164428,4.35227919380795,10.2598063583716,0.962082769157549,75.5642880997525,7.08581595062067,37.4537330318296,29.1540233078045,33.886710838322,26.3774496594422,78.4744882571668,61.0846202639713,41262.5073923389,3427.885164138,207.52883012142,17.2382760620194
318,46.4558688134642,4.171853375235,10.2691920535026,0.922199167157211,75.633414489289,6.79207005652294,35.5812307879696,27.9454293077942,32.1925421414963,25.2839598499091,74.5511502224125,58.5523280734736,41550.9367523776,3452.17834380842,208.408683104193,17.3135632814947
319,45.7028641411853,3.81091300959727,10.1027383891041,0.842412349489924,74.4074700403858,6.20443381211625,32.2625030589003,25.5276469542401,29.1898837199575,23.0964424824077,67.5976254567436,53.4864983803126,41567.5577785597,3452.63517248163,209.28943087541,17.388403182384
320,44.3892330650824,3.59334808388769,9.8123567828077,0.794319050122543,72.2687864638534,5.85022284534698,30.3814303149316,24.0702742461377,27.4879607611286,21.7778671750769,63.6563301836662,50.432955563336,41154.492984373,3416.37315512634,210.159790991152,17.4560432461034
321,43.7265149472537,3.94110526996336,9.6658611988666,0.87119169125506,71.1898348614937,6.41639594829123,33.6162691264107,26.3997482198503,30.4147196858001,23.8854864846264,70.4340876934319,55.3137581749244,40598.3378088783,3369.11899275171,211.005076954553,17.5162425346032
322,44.6621569804446,4.73734933540834,9.87268733251934,1.04720353730079,72.7131257506185,7.71273716361217,43.2841350925222,31.7334405242664,39.161836512282,28.7112080933839,90.6905687652846,66.4891134794153,40635.0770456197,3373.8385281383,211.828612936528,17.5789414436725
323,45.6342754230499,4.08146210311968,10.0875766724637,0.902217938584352,74.2958027940181,6.64490672227205,34.7785822816759,27.3399375328591,31.4663363500877,24.7361339583011,72.86941049494,57.2836786402763,41746.3896174284,3467.73943892552,212.657508707282,17.6564719040412
324,45.5066725173484,4.14982667228114,10.0593697143612,0.917330106504252,74.0880563089462,6.75620903838051,35.4502701033858,27.7978820152803,32.0740539030634,25.1504646804917,74.2767564070941,58.2431813653493,41735.6547760592,3466.85246010299,213.506156768264,17.7352754828318
325,45.7561676663975,4.33611874284924,10.1145212736247,0.958510458945623,74.4942519200296,7.05950560239314,37.4237589228763,29.0457714832007,33.8595914064119,26.2795075324196,78.411685362217,60.8578069171823,41839.3101856583,3476.0772210517,214.360475976066,17.8062653497117
326,46.2112846429229,4.35865182558437,10.2151260789619,0.963491456181808,75.2352142958464,7.09619104235489,37.5433348176539,29.1967107933881,33.9677791207345,26.4160716702083,78.6622253322272,61.174060709956,42185.7419585835,3505.82648340272,215.215648695027,17.8804624340839
327,46.5654070656979,4.34975546843613,10.2934057724174,0.961524893022724,75.8117504508205,7.08170714861179,37.3508379807139,29.1371179703855,33.793615315884,26.3621543541583,78.2588986262577,61.0491995569983,42503.9768936543,3533.09507184775,216.07767140471,17.9570344792404
328,46.4771776570915,4.12318837885088,10.2739024294623,0.911441641640721,75.6681067820717,6.71284002732213,35.0822825543339,27.6194436860824,31.7411127872545,24.9890204778841,73.5057348757472,57.8693105803632,42759.9155555917,3554.54625277682,216.947180596461,18.0334893493473
329,46.2111446285037,4.1650556388032,10.2150951284061,0.920696509630181,75.2349863425463,6.78100286457784,35.4981624992425,27.8998942312176,32.1173851183623,25.2427614472921,74.3771023793653,58.4569212463606,42694.2175301991,3548.87379906248,217.81775305816,18.1067541378693
330,45.9483982644068,4.09637584441057,10.1570143531847,0.90551466034339,74.8072168234552,6.66918733967195,34.8676110348508,27.4398381922239,31.5468861743888,24.826520269155,73.0559469301635,57.4929943075168,42722.6312530966,3551.08468689681,218.682767065668,18.1775797108094
331,45.5219650018677,3.99862222012926,10.0627501583076,0.883905964449626,74.1129535469004,6.51003757943851,33.9697025031138,26.7850292257462,30.7344927409125,24.2340740613894,71.174614768429,56.1210136158493,42684.5994338777,3547.51300255399,219.540899409527,18.2481346109556
332,45.4652409375063,4.24922392337487,10.0502111546067,0.939302130430236,74.0206027894838,6.91803473840681,36.472845416639,28.4637009221283,32.9992410912448,25.752872262878,76.4192951586722,59.638230503507,42559.6675631512,3537.22357306386,220.390066624436,18.3165974930856
333,46.1946162051136,4.59675944555791,10.2114414769198,1.01612577217596,75.2080769093779,7.48384695697849,40.5090875410416,30.7916900659381,36.6510792037995,27.8591481548964,84.8761834193253,64.515922042918,42808.8938660492,3559.33091010097,221.233472304179,18.3871796513434
334,47.2337830822911,4.59196363667123,10.4411520497696,1.01506564600101,76.8999135094143,7.47603904356299,40.0007016477422,30.7595650303336,36.1911110146239,27.8300826464923,83.8109939286028,64.4486124445085,43495.2450892756,3618.22757372231,222.084513312309,18.4651412708923
335,46.1525481074512,3.45921452320364,10.2021422132261,0.76466847355028,75.1395870942363,5.6318439956719,29.1747298465191,23.171771925766,26.3961841468506,20.9649365042645,61.1280053927068,48.5503792730336,44025.7721245435,3661.28249069826,222.953946127459,18.5468115857904
336,45.8230373548178,4.55726732580778,10.1293029942229,1.00739593517856,74.6031204653875,7.41955101464845,40.1373541731242,30.5271495508655,36.3147490137791,27.6198019745926,84.0973135055936,63.9616466780039,42983.3867251452,3573.80125426767,223.819547335474,18.6133382832494
337,46.9258867902592,4.6137528823103,10.3730907641626,1.01988221608964,76.398636739229,7.51151346453325,40.4006003756128,30.9055216996862,36.552924149364,27.9621386806685,84.6488769774745,64.7544264183901,43657.5965905632,3631.78156813721,224.669236810825,18.6798496229284
338,48.0514700323386,4.78421838868416,10.6219039018854,1.05756406486702,78.2311652456319,7.78904327140158,42.1400384437277,32.0473959050613,38.1267014490869,28.9952629617222,88.2934138820961,67.1469247534618,44268.7089399777,3684.60929103172,225.527893371487,18.7611804178984
339,48.3863643630517,4.27021118821201,10.6959331749904,0.943941420552129,78.7763967173895,6.95220347835219,36.2676134195964,28.6042854712766,32.8135549986824,25.8800678073455,75.9892852601067,59.9327886064844,44991.575382084,3745.64603914671,226.409607470558,18.8447091239088
340,47.7757305555295,4.14641092785669,10.5609509649065,0.916575047210426,77.782242027248,6.75064796675615,35.148892682072,27.775001430619,31.8013790933032,25.1297631991314,73.6452989529127,58.1952410927255,44874.8413600344,3735.22407163038,227.305161383679,18.9236467090552
341,46.9947932670816,4.03034787684565,10.388322722197,0.890919004355355,76.5108213190381,6.56168917493467,34.1104697864791,26.9975455865259,30.8618536163382,24.4263507687615,71.469555743099,56.5662859908161,44653.9786754322,3715.852602411,228.194308935013,18.9940922332091
342,47.9246249748484,5.24430322680535,10.5938644681244,1.15926702908329,78.0246525906304,8.53809367451818,48.9962598057576,35.1293039116148,44.3299493480664,31.7836559200324,102.658830069206,73.6042558148119,44367.9052477738,3693.73275983432,229.06687411043,19.0616550985567
343,49.5595584275669,4.5912798642028,10.9552708103043,1.01491449629746,80.6864389838282,7.47492581400035,39.2774335856118,30.7549847362867,35.5367256250774,27.8259385709261,82.2955751317581,64.439015637934,45864.4317021293,3820.82111636262,229.944510473938,19.1434228534886
344,48.9569367873529,4.11304551789819,10.8220597108885,0.909199535535389,79.7053286643219,6.69632673791143,34.744581628648,27.55150107683,31.4355738544911,24.9275485933223,72.798171031453,57.7269546371675,46068.2028700957,3837.26228416468,230.848635982279,19.2312716043891
345,48.8913933356748,4.72133365802573,10.8075711584123,1.04366322966885,79.5986193254495,7.68666251692609,40.9299815746093,31.6261584748135,37.0318880913132,28.6141433819741,85.7580566325147,66.2643320424663,45627.384021708,3800.5164531527,231.758661067173,19.3043946526261
346,48.8162700500468,4.2264566317824,10.7909649584314,0.934269360709795,79.4763133446375,6.8809679899896,35.7939913362808,28.3111927487816,32.3850397804446,25.6148886774691,74.9969342283979,59.3186895688758,46125.5812736343,3842.32186882297,232.661098856233,19.3794220986023
347,47.861874762898,4.03394333697044,10.5799933686406,0.891713790277677,77.9224908420515,6.56754283633082,34.0693551684534,27.0216300084144,30.8246546762197,24.4481414361845,71.3834108291404,56.6167485890588,45874.1370959992,3820.14568760577,233.561063131256,19.4559451782505
348,48.913975039181,5.5120747909137,10.8125629033979,1.21845863799145,79.6353839234385,8.97404457187353,52.857780350902,36.9229890300439,47.8237060317685,33.4065138843254,110.749635020938,77.3624532058063,45465.1555043362,3788.00668984219,234.446689480585,19.523430117464
349,50.8718418281886,4.66288633031961,11.2453545093891,1.03074329407065,82.8229284501035,7.59150616585368,39.7648650499445,31.2346452748682,35.9777350451879,28.2599171534522,83.3168601046456,65.4440186711524,47292.7558342157,3943.1011095677,235.338153156974,19.6075981407058
350,51.2513868309059,4.92406824381397,11.3292539310424,1.0884782433694,83.4408543492644,8.01672864957782,42.5773498961387,32.9841891930122,38.5223641917445,29.8428378412968,89.2096854966715,69.1097297377399,47422.148251407,3954.78352830392,236.260678978108,19.6985717789741
351,51.5374967511097,4.69458803370701,11.3924992818243,1.03775103902997,83.9066613772453,7.64311876364931,39.9816739243589,31.4470011827264,36.1738954553723,28.4520486891334,83.7711263177044,65.8889548590458,47910.2632151345,3996.31575094222,237.203569216673,19.7816590555905
352,51.472720620033,4.70429002886002,11.3781803475862,1.03989569059011,83.8012012901589,7.65891429260016,40.0830139991188,31.5119906239427,36.2655840944408,28.5108486597577,83.9834579029155,66.0251232120704,47992.9807430441,4003.42724440162,238.15222662374,19.8648771789208
353,51.5074349788181,4.75407177317709,11.3858540479493,1.05090007617599,83.8577187023564,7.73996246580409,40.5840432613539,31.8454568538178,36.7188962840821,28.8125562010733,85.0332334999796,66.7238143603802,48098.9001290919,4012.63568155599,239.101170316086,19.9450862311874
354,51.6441498432167,4.78992530209643,11.4160752285005,1.058825593095,84.0803000956229,7.79833452692189,40.9382703326591,32.0856240331818,37.0393874438345,29.0298503157359,85.7754235541429,67.2270217838094,48276.8064077957,4028.028412985,240.048679519843,20.02598591998
355,51.0706948507175,4.32629215545101,11.2893114933165,0.956338265941801,83.1466751253786,7.04350722852375,36.5149814788134,28.9799474527819,33.0373641951169,26.2199524572788,76.5075802413233,60.7198899010668,48489.495680124,4045.30977456713,240.99691956651,20.1078429102346
356,51.486154237715,5.27129167940628,11.3811498841265,1.16523289755297,83.8230721624552,8.58203276927899,46.8672500981375,35.3100878046354,42.4037024697435,31.947222299432,98.198047824669,73.9830411144742,48061.2742544129,4010.38830697278,241.938154351868,20.1840577410155
357,52.1923788389283,4.68547440614765,11.5372626907105,1.03573644767474,84.9728553728516,7.62828113842985,39.8072171831196,31.3859529598407,36.0160536418701,28.396814582713,83.4055979074887,65.7610442968091,49076.7569265367,4096.58221585361,242.878706223199,20.266585490308
358,52.8035729758716,5.30581999015341,11.6723687630874,1.1728654715076,85.967922318612,8.63824728221468,46.785243786187,35.5413779244726,42.3295062827406,32.1564847888086,98.0262250758203,74.4676489846093,49049.5150266138,4095.55304132189,243.830216011984,20.3532301064158
359,53.6897388347607,5.01392520657971,11.8682580582103,1.10834136145446,87.4106625239613,8.16302209071222,42.9037009572532,33.5861018622564,38.8176341994196,30.3874254944224,89.8934686723401,70.3708800923468,49939.8839500306,4171.62442768729,244.794166875851,20.4399063701703
360,52.9469537705793,4.38875237088789,11.7040634650754,0.970145260933113,86.2013563142063,7.14519684242801,36.9982624509444,29.3983412403974,33.4746184079973,26.5984992175024,77.5201689448358,61.5965245036897,50213.4809691803,4193.79512239411,245.77302457678,20.5301388769137
361,52.9141753484038,5.19353382138176,11.6968177085945,1.1480443184107,86.1479907426644,8.45543751972327,45.2520792690483,34.7892217700213,40.9423574339008,31.4759625538288,94.8138803732439,72.8917027562351,49597.8740183828,4142.37237694668,246.749359241194,20.6083354363489
362,52.9061752572863,4.56307130802862,11.6950492674001,1.00867892072212,86.1349660329151,7.42900030500098,38.5578634095059,30.5660279006702,34.8856859419339,27.6549776244159,80.7879042865838,64.0431060775947,50279.1726255577,4199.74623868544,247.717346261733,20.6891426851243
363,51.9563207096176,4.45144467710638,11.4850814200207,0.984003560202464,84.5885361728511,7.24726431641179,37.5752549613455,29.818289703105,33.9966592507412,26.9784525885235,78.7291056332954,62.4764165207913,49944.5670831516,4170.54693770866,248.683926353897,20.7722070548833
364,52.2632760827746,5.24015349977775,11.5529347130344,1.1583497210035,85.0882810610786,8.53133762770833,46.1237842197291,35.1015066970758,41.7310428654692,31.7585060592591,96.6403097937181,73.5460140319684,49573.2101056387,4140.20827642102,249.636558629566,20.8455302735797
365,52.7814205318666,4.7407707847828,11.6674719070442,1.04795985768883,85.9318565852143,7.7183075232955,40.2474848297379,31.7563593239039,36.4143910364295,28.7319441501988,84.3280634527841,66.537133821513,50425.871735622,4212.6369515734,250.584010790054,20.9280374057066
366,52.2846741918692,4.59872911257805,11.5576648213606,1.01656117225409,85.1231186843063,7.48705371310953,38.9335320433875,30.8048840076998,35.2255766106839,27.8710855307761,81.5750195194786,64.5435664923235,50389.3957910999,4209.1663274618,251.539257227476,21.0138869849073
367,51.7916820636569,4.62455122216328,11.4486876140715,1.02226921753083,84.3204929036378,7.52909391959214,39.2243260267786,30.9778550766918,35.4886759289902,28.027583164626,82.1843021513456,64.9059820654495,50199.061151942,4192.78609941708,252.491167302059,21.0912892028975
368,51.970480282183,4.9816875205002,11.4882114307984,1.10121513611057,84.6115889506418,8.11053687548103,42.9502655524303,33.3701556397143,38.8597640712465,30.1920455787891,89.9910325860444,69.9184213403537,50120.7326491018,4186.81633839738,253.431237646102,21.1673873171537
369,52.8976993211377,5.237495496286,11.6931756394094,1.15776216233691,86.1211666140628,8.52701021149722,45.786272412545,35.0837018889972,41.4256750399217,31.7423969471879,95.9331421977133,73.5087087198036,50585.1023991294,4227.41547460177,254.36811948239,21.248544111922
370,52.0528152367566,4.03790116162242,11.5064117891778,0.892588677832325,84.7456360345792,6.57398645260632,33.9398661017448,27.0481417524947,30.7074979015786,24.4721282522571,71.1121004036558,56.6722970052269,51334.1621544366,4289.38971663355,255.316787942056,21.3369171768335
371,51.4073114990705,4.87660587602682,11.3637214892682,1.07798656206909,83.6947106511183,7.93945658412787,41.8725216031664,32.666259456639,37.8846624028649,29.5551871274352,87.7329024066345,68.4435912424816,50260.5642461663,4198.4978328003,256.263282763074,21.4128962800201
372,52.9183503898363,5.70951247470663,11.6977406124901,1.26210275756673,86.1547880031019,9.29548697636447,52.4025537812077,38.2455381080827,47.4118343734736,34.6031059073129,109.795826970149,80.1335084169352,50633.8566843681,4232.40874048268,257.191561363922,21.4844029150213
373,53.9368996965002,4.70324888889417,11.9228936171211,1.03966554386082,87.813057751495,7.65721924367332,39.7523428932431,31.5050164806308,35.966405474839,28.5045387205708,83.2906232048903,66.0105107213217,52188.1034238931,4364.17729425484,258.132245528546,21.57689032036
374,53.9174744467084,5.13698833211601,11.9185996145356,1.13554478920459,87.7814320816586,8.36337749509413,44.1623163984659,34.4104481577149,39.9563815033739,31.1332626188849,92.5305676920237,72.0980818542598,51914.5522192119,4341.51040012857,259.098216054365,21.6668259105332
375,54.8263274467273,5.43285606481211,12.1195039619081,1.20094713011636,89.2611085448472,8.84507092657128,47.4713596655965,36.3923372762533,42.9502777926826,32.9264003928006,99.463801204107,76.2506114359594,52345.5388156432,4379.3637746393,260.070412449207,21.7491695901812
376,55.7768475234896,5.32804453867189,12.3296189262451,1.17777826644326,90.8086219329795,8.67443040682018,45.8363826524652,35.6902504982805,41.47101287604,32.2911790222538,96.0381350813557,74.7795724725878,53140.5588855563,4447.75302320049,261.052404157932,21.8403223640157
377,56.899782785221,5.7456487323088,12.5778467209436,1.2700907724051,92.6368393415528,9.35431933961854,50.636163153616,38.487599163791,45.8136714247002,34.8221135291442,106.094818036148,80.6406839622287,53614.9505314014,4489.62795198031,262.052694202524,21.9332594033727
378,56.4977760833997,4.54784012659098,12.4889820815936,1.00531202798327,91.9823442199911,7.40420287276566,38.2334404764222,30.4640008479779,34.5921604310486,27.5626674338847,80.1081609982179,63.8293351100488,54637.4224179949,4575.26106906135,263.073790144222,22.0293673678417
379,55.2560187682045,4.83287644287275,12.2144883592873,1.06832005579292,89.9606761699891,7.86826199822089,40.8376748317974,32.3733350240279,36.9483724668644,29.2901602598348,85.564652028528,67.829844812249,53691.8400269816,4494.06507903883,264.099650084767,22.1153340313432
380,56.2364106750534,6.01949104086833,12.431206570275,1.33062433534984,91.5568229937711,9.80015383495755,54.8241175582669,40.3219495560557,49.6027730289082,36.4817638840504,114.869579645893,84.4840847841168,53425.8755301283,4473.66705700243,265.103321346473,22.1894347111533
381,57.7167669381855,5.32798388487334,12.7584432179147,1.17776485876148,93.9669468748001,8.67433165817975,45.3470274977325,35.6898442048932,41.0282629741389,32.2908114234748,95.0128195190586,74.7787211912047,55031.6122531976,4610.67599033002,266.108720348009,22.2828695644045
382,56.636672121037,4.61951343957997,12.5196854162292,1.02115560243347,92.208476716355,7.52089205601791,38.8417250865646,30.9441091646505,35.1425131735585,27.9970511489695,81.3826620861354,64.835276344982,55201.9088923805,4623.79915070593,267.138650861429,22.3814951658876
383,57.3149899526705,6.20014719339984,12.6696293579587,1.37055885327786,93.3128257475056,10.0942747289036,56.9095773828135,41.5320864629654,51.4896176320694,37.5766496569687,119.239114516371,87.0196097319275,54356.7865503401,4554.22614286672,268.166627155424,22.4620606020397
384,57.9688026616626,4.81579261622958,12.8141563778412,1.06454363095601,94.3772787193383,7.84044832958078,40.5085954717498,32.2588979077579,36.6506339982498,29.1866219165429,84.8751524169996,67.5900718067309,56130.1868246439,4704.25123400007,269.19390542716,22.5541280013193
385,57.1890531581368,5.18756995875895,12.6417906981145,1.14672599088356,93.107791808335,8.44572793285668,44.0084429443237,34.7492724510169,39.8171626639119,31.4398179318724,92.2081661690591,72.8079994211783,55394.7454894856,4641.44228604747,270.233694532638,22.6481909804622
386,57.5527255233226,5.57432681642256,12.7221814314713,1.2322196120513,93.6998759397251,9.07539523796514,48.1419515277352,37.3399882439789,43.557003763189,33.7837988874094,100.868850820017,78.2361658445272,55410.5026746753,4643.70472345603,271.265737595834,22.7289475582507
387,60.4111646727496,7.36365147894396,13.3540469276605,1.62775453745077,98.3536154672134,11.988541355193,75.8769278036522,49.3258950742658,68.6505537271139,44.6281907814786,158.980229683843,103.349494441319,56032.5841823654,4701.05225279325,272.294635945826,22.8197873341307
388,64.9844693698141,6.43996054725803,14.3649879659589,1.42357022623599,105.799276447697,10.484707697992,56.1573668070822,43.1384917041207,50.8090461587887,39.0300639227759,117.663054262458,90.3854111895863,59746.4199025489,5018.57247358727,273.362762634974,22.9347378827367
389,65.7872935331597,6.11139698677409,14.5424543599616,1.35094038655006,107.106330524162,9.94978316443219,52.0608060055215,40.937587471214,47.1026340049956,37.0387696168126,109.079784011569,85.7739927968293,60790.6364031809,5108.09869564396,274.506788968077,23.0579876949121
390,65.4723046248832,5.80774233724856,14.4728252328689,1.28381672718126,106.593506477003,9.45541208590644,49.1018017456933,38.903537187311,44.4254396746749,35.1984384075671,102.879965562405,81.5121731543658,61053.3402714147,5130.13179773916,275.697577118745,23.1662393650936
391,66.5521609247046,7.00419838380257,14.7115303096715,1.54829648484057,108.351588312501,11.4033264915242,62.9090019495225,46.918075298199,56.9176684305204,42.449687174561,131.809337418047,98.304538720036,60799.2752115977,5110.94377231087,276.889268085129,23.2661871134561
392,69.9471077001892,7.74851301611022,15.4619922284629,1.71282919303489,113.878799904869,12.6151229455268,72.4909206678797,51.9039149404512,65.5870234614149,46.9606849461225,151.885738542224,108.751059875231,62727.9829587151,5279.08339152389,278.090826078915,23.3770315639173
393,70.7898934354271,5.71091963017809,15.6482922330944,1.26241381298674,115.250914224695,9.29777792421977,47.9448355992902,38.2549640299011,43.3786607803102,34.6116341222914,100.45584601756,80.1532579674118,65884.6320093223,5546.50261129496,279.339847486632,23.5087799718995
394,68.2648880071973,5.48249864119432,15.0901331384331,1.21192075226401,111.140028194174,8.92589252461109,46.013835621317,36.7248712807275,41.631565562144,33.2272644920868,96.4099413018071,76.9473493500956,64239.7762393181,5403.47479663727,280.627376706087,23.6246364323766
395,68.1760980647532,6.83749757541865,15.0705058879981,1.51144683246097,110.995471937002,11.1319258771728,59.9191812433138,45.8014191654838,54.2125925534744,41.4393792449615,125.544951176467,95.9648782514898,62755.6310626291,5278.29231265283,281.884147660486,23.7104482086095
396,69.2575165529356,6.50195897092988,15.3095562906489,1.43727514094239,112.756097124779,10.5856454824963,55.502524360922,43.5537921497695,50.2165696598818,39.4058119450295,116.291003422884,91.2555645042789,64064.5712367882,5390.69657792394,283.120477335551,23.8128852147699
397,69.5829825501807,6.50188873960606,15.3815014058294,1.43725961612344,113.285978608013,10.5855311409727,55.4272028128807,43.5533217007104,50.1484215926063,39.4053863006428,116.133186846036,91.2545788014885,64476.6315841867,5426.41334716083,284.36734278794,23.9280156262093
398,70.2435471996173,6.7927236322278,15.5275209599154,1.50154943449246,114.36142421271,11.059030755627,58.5479332243424,45.501498014923,52.9719395839288,41.1680220135018,122.671860089098,95.3364720312673,64827.2211916023,5457.51582753738,285.624723175731,24.0384426425284
399,69.7726511384012,5.91491532787008,15.4234281463834,1.30750759879234,113.594772379713,9.62989723554989,49.720478699453,39.6214423876465,44.9851950137908,35.8479716840611,104.176241084568,83.0163554788784,65668.6596895455,5528.22028149089,286.890989754976,24.1520782255659
400,69.2691638948442,6.47445288220426,15.3121309662287,1.43119484764515,112.775059814764,10.5408636397992,55.1783638674193,43.3695408377319,49.9232815943317,39.2391083769955,115.611810007926,90.8695141362002,64761.2067274596,5451.0320483273,288.155529226293,24.257952704129
401,68.9303587897768,6.09442944142659,15.2372372061612,1.34718966599956,112.223461327917,9.92215880990154,51.4408583930062,40.823929272714,46.5417290222437,36.935936008646,107.780846156775,85.535851809496,65104.3432408691,5479.89601368531,289.407534972198,24.3597954374118
402,69.2134277381425,6.75597820491022,15.2998103421157,1.49342676108542,112.684317440344,10.9992066213275,58.4017396534615,45.2553563965278,52.8396692102747,40.9453224540013,122.36554975011,94.820746735582,64748.0654106151,5450.69082705781,290.650390512621,24.4643266034263
403,70.2176434702939,6.73783057782399,15.5217948723808,1.48941518036109,114.319251123566,10.9696610109134,57.8773415692092,45.1337933442755,52.3652138007131,40.8353368352969,121.266810906915,94.5660431975296,65679.8191337931,5531.34592497906,291.89234792651,24.572393526225
404,72.7107146256359,8.12735276423927,16.0728948119827,1.79657271630552,118.378145916825,13.2319006407264,76.5376915325785,54.4415974638037,69.2483875770948,49.2566834196319,160.364687020641,114.068108971779,66399.52706393,5596.88381179759,293.146975021994,24.6879079006715
405,74.3137120438952,6.3003481391302,16.4272416097032,1.39270853601825,120.987938204798,10.2574089001979,52.9288209175154,42.2032889702501,47.887980830133,38.1839281159405,110.898481922413,88.4259387948096,69979.0201725354,5901.48305095382,294.439362740027,24.8185939831922
406,73.4921794812681,6.71260603805679,16.2456396748066,1.48383922946519,119.650425541433,10.9285936900293,56.8811091431384,44.9648251353086,51.4638606533157,40.6824608367078,119.1794667761,94.2120145692181,68832.1230346987,5803.35068144897,295.769389604598,24.9428762426076
407,74.751902152731,7.74890593521833,16.5241046863932,1.71291604883774,121.701342452165,12.6157626454081,68.7777801617633,51.9065469344768,62.2275153844525,46.9630662740505,144.105825100837,108.75657452938,68848.2035582214,5807.36991766905,297.095983170897,25.048656068932
408,74.9227455790797,6.26668542810646,16.5618700753755,1.38526730516037,121.979487539274,10.2026036443558,52.5987670474018,41.9777971260719,47.5893606619349,37.9799116854936,110.20694048027,87.9534796927221,71069.1453830111,5995.73318294975,298.431429678143,25.1727948970262
409,73.7497485412919,6.60265948728983,16.3025759933382,1.45953525508512,120.069766046173,10.7495929898332,55.7810235368382,44.2283410631854,50.4685451047583,40.0161181047868,116.874525505756,92.6689050847695,69691.2098351763,5877.39108867344,299.777469391486,25.2906618061134
410,75.4867670961212,8.2952145514245,16.6865485159847,1.83367900610436,122.897754149474,13.5051914100385,76.8048130750453,55.566030488011,69.4900689726601,50.2740275843909,160.924370252476,116.424063879642,69409.3128181808,5857.18323275478,301.106160063444,25.3937141583142
411,77.8006872906351,7.15356152689831,17.1980466642457,1.58131360068279,126.664978606508,11.6465001701081,60.6468235064811,47.9185939600844,54.8709355534829,43.3549183448383,127.06953496596,100.400863535415,72953.4718192696,6160.39775585765,302.448391314002,25.5224489978528
412,78.0312498194869,7.3617536507542,17.2490131179919,1.62733501753514,127.040350583305,11.9854515577191,62.8111553957133,49.3131823495497,56.8291405961216,44.6166887924497,131.604325591018,103.322858256199,73032.4528479359,6167.96094440416,303.82823745362,25.6561167755292
413,79.3064510230735,7.96751786288474,17.5308996998373,1.76124079074295,129.116467630548,12.9716782048369,69.6588375665937,53.3709330528165,63.0246625602515,48.2879870477863,145.95185013953,111.824812110663,73608.8419435329,6219.4861396505,305.223767928113,25.7776947982884
414,81.9096479198613,8.57831142215869,18.1063432243904,1.89625831437192,133.354654859002,13.9660929820408,76.5091215692841,57.4623731627854,69.2225385626856,51.9897661949011,160.304826145167,120.397353293455,75620.4343436456,6394.71997692078,306.634750828696,25.9087160232361
415,82.8326294633458,7.24619449494902,18.3103707234764,1.60179036204136,134.85733358243,11.7973131426538,60.9856836768695,48.5391018800413,55.1775233266914,43.9163302724183,127.779527703917,101.700975367706,79340.3512209461,6711.5757362274,308.083265168662,26.0525640645778
416,82.761148937672,7.91047657644275,18.2945697651696,1.7486316642663,134.740958270455,12.8788109876121,67.7284593154488,52.9888383110998,61.2781298568346,47.9422822814712,141.907248089512,111.024232651828,77924.7774107451,6591.87325742977,309.556650108539,26.1860814816737
417,82.3720850332311,7.17980549051894,18.2085661652406,1.58711489790419,134.107534931296,11.6892271845642,60.3818099914487,48.0943908455814,54.6311614208345,43.5139726698118,126.514268553511,100.769199866933,78980.5176024736,6681.18568900628,311.029987938689,26.3108901671246
418,80.9436940374753,6.99733260838489,17.8928165767051,1.54677878711666,131.78201415224,11.3921485273354,58.7738399828988,46.8720844580806,53.1763314130989,42.4080764144539,123.145188535598,98.2081769597879,77638.8728265063,6565.28220781039,312.498035374335,26.4350939341045
419,81.9489476638993,8.60743361607662,18.1150305362304,1.90269585197483,133.418637600173,14.0135059574019,76.8529347817002,57.6574500598433,69.5336076596335,52.1662643398583,161.025196685467,120.806085839672,76357.6177976933,6459.04712338953,313.944220423954,26.5476858377393
420,84.4072328067036,8.26229638615307,18.6584409362187,1.82640235904436,137.420898323896,13.4515983269299,71.3256723740279,55.3455260316474,64.5327511955491,50.0745235524429,149.444265926535,115.962054542499,79847.4920117976,6759.1512426677,315.395069502931,26.6790881533458
421,85.3617112210285,8.04205927499432,18.8694309014905,1.77771836605138,138.974856163359,13.0930368547276,68.5052265524788,53.8702535167084,61.9809192617665,48.7397531817838,143.53476039567,112.871007368341,81765.5414114515,6923.98229794813,316.878467245311,26.8240045077348
422,86.5394958677343,8.58337540969866,19.1297832970781,1.89737772214391,140.89237221975,13.9743375091234,74.5028108877149,57.4962946104216,67.4073050888849,52.0204570284767,156.10112757426,120.468426802788,82485.3492656822,6987.81475696087,318.383460653064,26.961008359599
423,88.0256573241647,8.48962867909875,19.4583031979733,1.87665476064288,143.31194736285,13.8217112529888,72.8586048109153,56.8683260800873,65.9196900670186,51.4522950248409,152.656124365727,119.152683215421,85684.4673284848,7262.34051126121,319.904402213432,27.1009666868661
424,88.3811331164774,8.07916186656107,19.5368820573266,1.78591999155561,143.890686898405,13.1534424774889,68.3291449070496,54.118787622897,61.8216072968544,48.9646173730974,143.165827424294,113.391745495594,88761.2625029781,7524.53097023749,321.444098811053,27.2445703834738
425,88.250988417385,8.1580479261821,19.5081132291062,1.80335796262973,143.678802195322,13.2818745184158,69.1071801225078,54.6472109887796,62.5255439203642,49.4427147041339,144.795996447159,114.498918262205,87286.3187733456,7399.75206120484,322.984191451074,27.3802386642392
426,87.9518896219116,7.96914304174506,19.4419966532647,1.7616000408068,143.191848366902,12.9743241100691,67.3012158294068,53.381819418388,60.8915762266061,48.2978366166367,141.012071261614,111.847621638527,87044.0383607643,7379.27294140481,324.520331687899,27.5114133240742
427,87.7620468961459,8.13425608460964,19.400031419148,1.79809871344003,142.882771087059,13.2431397307329,68.9227779768913,54.4878398012129,62.358703883854,49.2985217249069,144.40963004682,114.164997678732,85936.256052736,7285.45526508701,326.056059290002,27.6418316637333
428,88.096802939593,8.3350628331086,19.474030123489,1.84248757363453,143.427777417443,13.5700672089908,71.0228994921386,55.8329567768041,64.2588138262207,50.5155323218704,148.809884650195,116.983338008542,85994.9666737395,7291.70008448797,327.589816675102,27.7722240217204
429,89.2091807134342,8.76471499178929,19.7199241577065,1.93746331397447,145.238806494854,14.2695710743517,75.6645745208498,58.711009514378,68.4584245664832,53.1194847987229,158.535298996066,123.013543744411,86985.3891410853,7378.52422735892,329.127861872713,27.9074665768487
430,90.2606359622525,8.51836434495379,19.9523511074453,1.88300685520031,146.950649426264,13.8684949335388,72.5067698212858,57.0608137939488,65.6013631716395,51.6264505754775,151.918946292218,119.555990806369,90917.1132565996,7714.77427942359,330.679034635182,28.0498057504569
431,90.5942583574302,8.4418018505032,20.026099215853,1.86608251432176,147.493810097711,13.7438458197666,71.5946817381929,56.5479549794473,64.7761406202697,51.1624354575951,150.007904594309,118.481429480747,94359.0048691663,8008.19610919876,332.240013916886,28.1922360065174
432,90.435867834842,8.23709437803416,19.9910865740177,1.8208313888286,147.235939211813,13.4105676891503,69.5613718622398,55.1767087523819,62.9364793039313,49.9217841092979,145.747636282788,115.608342147848,95602.4767341718,8114.22600930078,333.791787092534,28.3287227793816
433,89.6746679387363,7.97548211417045,19.8228213338259,1.76300130944821,145.996652363416,12.9846445648249,67.1146878093407,53.424282104491,60.7228127798797,48.3362552373966,140.621250648142,111.936591076076,98636.7668457022,8370.76837850969,335.328455884454,28.460882723384
434,88.9036452516511,8.03645357994173,19.6523847398387,1.77647921240817,144.741373321986,13.0839103897999,67.7839921400386,53.8327034063083,61.3283738409873,48.7057792723741,142.023602579129,112.792330946551,101575.606158795,8619.00576448529,336.839544445789,28.5857484733775
435,87.703261282706,7.60220805526666,19.3870367045982,1.68048809642737,142.787063983072,12.3769282022587,63.7437902584911,50.9238817099202,57.6729530910158,46.0739882137373,133.558417684458,106.697656916023,103236.86618582,8758.19095492815,338.311482228543,28.7067803559141
436,87.9514759089644,8.70106881250174,19.441905200929,1.92339415855302,143.191174813191,14.165950628073,75.2734831417168,58.2846714713035,68.1045799853628,52.7337503787984,157.715869439788,122.120264035112,105864.111255387,8982.20624993185,339.7433065734,28.8224242420606
437,86.7398961919108,6.95964200771147,19.1740823161066,1.53844718065201,141.21863801069,11.3307855844846,58.1237540090192,46.6196115349094,52.5881583891126,42.1796485315847,121.783103637945,97.6791860731435,104477.70979746,8863.49987299177,341.149816718216,28.9453902701471
438,81.9349011529102,5.89445229483286,18.1119255180117,1.30298419148937,133.395768894563,9.59658198176298,49.521815429181,39.4843694390718,44.8054520549733,35.7239533020173,103.75999423257,82.7291550151981,108693.923211735,9210.24040203863,342.540613396093,29.0598701791662
439,81.2342542918161,8.31511144095673,17.9570456855594,1.8380772658957,132.255066636501,13.5375849424699,73.0546521658463,55.6993110877484,66.0970662452895,50.3946147936771,153.066890252249,116.703318469568,113416.298386366,9607.23933775375,343.84906383565,29.1362428217178
440,82.7018790543455,7.79150441515783,18.2814680014869,1.72233255492963,134.64446274111,12.6851159601166,66.2256364258321,52.1918956039281,59.9184329567052,47.2212388797444,138.758476320791,109.35444793204,112146.740561098,9504.66302250072,345.065091954725,29.2296872026249
441,83.370889019764,8.01508748584384,18.4293544148952,1.77175618108127,135.733657912879,13.0491248892335,68.5548230223328,53.6895812448869,62.0257922583011,48.5762877929929,143.638676808697,112.492455941668,112378.270479668,9527.3764019065,346.27312233387,29.3473472796968
442,83.2768877321863,7.4304798784761,18.4085751829043,1.64252713103156,135.580617220121,12.0973426793435,62.4999233713822,49.7735494251988,56.5475497169648,45.0332113847036,130.952220397182,104.287436890893,112217.559667298,9515.18499120142,347.50921124781,29.4616658946227
443,83.431582808547,8.05031903908827,18.4427709366262,1.77954420864057,135.832471660231,13.1064843303051,68.9319103852681,53.9255820800171,62.3669665390521,48.7898123581108,144.428764616752,112.986933881941,113435.628286202,9620.02471402087,348.751837716348,29.5714704697821
444,83.7675272220782,7.69376717131554,18.5170323333015,1.70072747997501,136.379412740506,12.5259928683874,64.9754165434276,51.5371963628792,58.7872816345298,46.6288919473669,136.138967995753,107.982697141271,113213.410703157,9603.58853803261,349.991263283854,29.6813677796819
445,81.4864261309524,6.42959555766849,18.0127889342105,1.42127901801093,132.665620086884,10.4678327675726,53.6263221536202,43.0690611518463,48.519053377085,38.9672458040514,112.359913083776,90.2399376514874,113918.300655601,9659.76487467573,351.232474990664,29.794104338481
446,77.2572513401722,5.7482500595071,17.0779187173012,1.27066580262789,125.780226743298,9.35855448284665,48.0310678446022,38.5050243220571,43.4566804308306,34.8378791485279,100.636523102976,80.6771938176435,116911.807971792,9903.75226634207,352.448965167179,29.8861035869071
447,75.1932946602089,6.76092226060045,16.6216756617304,1.49451965760642,122.419960429252,11.0072558909425,56.9105206228473,45.2884744729217,51.490471039719,40.9752864278815,119.241090828823,94.8901369908835,120130.582690018,10170.663211243,353.575077282463,29.9518075522633
448,70.7781192827285,4.65706548645082,15.6456895256558,1.02945658121545,115.231745077846,7.58202942355501,40.1992500365933,31.1956539762256,36.3707500331082,28.2246393118232,84.2270000766717,65.3623226168536,120901.665423319,10228.0629573665,354.605634282435,30.0221175851796
449,71.8830728843967,9.05952343440426,15.8899424270772,2.00263149602621,117.030687081965,14.7495399072406,97.0767581532368,60.685802909885,87.8313526148333,54.9062026327531,203.398921844877,127.151206096902,124587.834653502,10543.4974532657,355.546352579279,30.0785805200455
450,76.9542192146735,6.93839570927119,17.0109326685068,1.53375063047048,125.286869177574,11.2961951196556,58.4156688182621,46.4772918324386,52.8522717879514,42.0508830864921,122.394734666835,97.3809924108238,120268.048922012,10187.8880879552,356.448549692459,30.1651793399802
451,79.3079884961173,9.1772236264456,17.5312395622996,2.02864943321429,129.118970744556,14.9411640795465,88.9102714545656,61.4742252489179,80.4426265541308,55.6195371299734,186.288187809566,128.80313861678,121078.740421609,10264.7155890393,357.416818833354,30.2767242311247
452,77.7876959637344,4.92101511024474,17.1951748972466,1.08780334015936,126.643827814641,8.01175793387213,43.1269435871289,32.9637375805868,39.0196156264499,29.8243340014833,90.3612151349367,69.066878740277,117564.001298699,9965.70458398666,358.479652672352,30.3908982396596
453,77.8007469478426,8.87096508284362,17.1980598516284,1.96095017620754,126.665075732628,14.4425536787349,84.613855973405,59.4227326123496,76.5553934997474,53.7634247445068,177.286174420468,124.504773092542,122725.202059649,10401.238986583,359.571984573804,30.4803182552107
454,83.9266542223753,9.90078733956597,18.5522077754724,2.18859509611459,136.638482663797,16.1191765809074,97.8349631760529,66.3210635186237,88.5173476354764,60.0047717549453,204.987541892682,138.958418800926,119796.901029159,10167.6888047548,360.639948832251,30.5650529227904
455,88.5967726661783,8.46552047612085,19.5845497472605,1.87132557893198,144.241763217918,13.7824614067371,72.1742498240524,56.7068357252114,65.3005117455712,51.3061847037627,151.222237726586,118.814322471871,114815.808197499,9754.47096985881,361.76002893367,30.7041614983124
456,87.0222049230512,7.07235751476053,19.2364874040429,1.56336324010496,141.678256436125,11.5142943398206,58.9894315196951,47.3746436395442,53.3713904225812,42.8627728167305,123.596904136504,99.2611581019021,114718.264553457,9744.46053163484,363.040121590648,30.8430030894224
457,81.7743513784419,5.69342442348775,18.0764355678661,1.25854645150782,133.134382595077,9.26929449999409,48.143308254115,38.1377712578127,43.5582312775326,34.5056025665924,100.871693484812,79.9077112068456,117991.788910512,10011.26413148,364.367963380243,30.9503395293818
458,76.7539162205674,5.70713390585911,16.9666551645465,1.26157696866359,124.960761846818,9.29161449936359,47.651796733133,38.2296051110179,43.1135303775965,34.58869033854,99.8418598218025,80.1001249945138,122711.027228793,10398.035231126,365.604181565444,31.0204639070367
459,75.366124404794,7.18057279450012,16.6598801315861,1.58728451246845,122.70133938184,11.6904764092914,61.1773171780333,48.099530680862,55.3509060182206,43.5186229969704,128.181045515879,100.779969045616,125808.965248519,10656.7090312597,366.69114149568,31.0719215242558
460,66.2504764685917,2.67385540907286,14.6448421667413,0.591062774637159,107.860424847111,4.35322424494669,29.2816190192823,17.910993170823,26.4928933983983,16.2051842974113,61.3519636594487,37.5277952150577,125850.266047097,10645.7835108861,367.676303004588,31.1441984366475
461,64.6097572414431,6.91252602368497,14.282156863898,1.52803206839352,105.189218807121,11.2540774561047,62.294007062654,46.3040020725309,56.3612444852584,41.8940971132422,130.520776702704,97.0179091043505,132525.791503833,11198.0924766518,368.533860539592,31.174599935032
462,58.3686430410932,2.47703493150598,12.9025421459259,0.547555090122375,95.0282469160254,4.03278669550447,26.2890655408495,16.5925784885568,23.7853450131495,15.0123329182181,55.081851609399,34.7654025474524,131354.080107038,11090.5081539646,369.247636234849,31.2004865650874
463,56.8905050041498,6.0210812191776,12.5757958430226,1.33097584844978,92.6217344628966,9.8027427568365,53.8965787326701,40.3326014681753,48.7635712343206,36.491401328349,112.92616496369,84.5064030761767,136418.550697732,11508.2027440711,369.846254825302,31.2269166021401
464,55.9511653013283,4.13413995888941,12.3681523297673,0.913862517228185,91.0924235081274,6.73066996815679,34.5351019657434,27.6928035523692,31.2460446356726,25.0553936902388,72.3592612615576,58.0230169668689,135526.424843923,11433.8599427499,370.339356582935,31.24164842587
465,57.8710457560963,8.15554698538042,12.7925469566108,1.80280512308409,94.2181236169426,13.277802811286,166.683876863506,54.6304582752755,150.809221924124,49.4275574871541,349.242408666393,114.463817338673,137271.824954821,11594.6701328015,370.780263127923,31.2813505043236
466,74.1130236139388,6.92657365289792,16.3828789041338,1.53113733379849,120.66120335743,11.2769479822619,58.7027525601858,46.3981010241966,53.1120142211205,41.9792342599874,122.996243459437,97.2150688126023,128143.502144449,10839.2216438569,371.261721727602,31.3586360331718
467,72.8619451578152,6.08066929952073,16.106324719096,1.34414795042037,118.624359835881,9.8997563332548,50.7597702912054,40.7317560733446,45.9255064539477,36.8525412092166,106.353804419668,85.3427270108173,128451.354745607,10864.6317266125,371.982330012176,31.464716159039
468,73.9295155494578,8.17231831022055,16.3423139635644,1.80651246857507,120.362439350696,13.3051077050608,75.7546502089575,54.7428020780323,68.5399216176282,49.5292018801245,158.724029009244,114.699204353973,129986.433411351,10999.1705245502,372.876355129578,31.5385095475841
469,76.9719503367783,7.58128792873254,17.0148521797089,1.67586364740404,125.315736688649,12.3428687681821,65.4245414669572,50.7837468910314,59.1936327558184,45.947199568076,137.079991645053,106.404041105018,128019.314601025,10841.5691120935,373.765117218956,31.6271948735598
470,78.6279703641683,7.938058609634,17.3809197647109,1.75472874528752,128.011853505172,12.9237164732287,69.2821184386174,53.1735983420459,62.6838214444634,48.1094461189939,145.162533871389,111.411348907144,127656.073125342,10817.1004220012,374.701391298898,31.7323291631814
471,79.7708235429533,7.51535854994744,17.6335504673897,1.66128978472522,129.872498680457,12.2355311128969,63.7959096325297,50.3421146886431,57.720108715146,45.547627575439,133.667620182443,105.47871649049,126892.563976363,10757.3434662649,375.699560751954,31.8353821926303
472,80.2247292158941,7.65625109463305,17.7338875108819,1.69243445249783,130.611488969034,12.4649140628412,65.2450137089478,51.2858924999342,59.0312028795242,46.4015217856548,136.703838247319,107.456155714148,127152.437979881,10782.6045154704,376.734701296685,31.9377625489865
473,78.3693202445902,6.19472857342652,17.3237444751199,1.36936105307323,127.590752959613,10.085452835333,51.561070404398,41.4957894870676,46.6504922706458,37.5438095359183,108.032718942548,86.9435589252844,127215.243757732,10786.0323016311,377.789850270369,32.0368103839954
474,78.0789769283349,7.92743418876041,17.2595633210003,1.75238018909441,127.11805366578,12.9064191704731,69.3209134117226,53.1024299725578,62.7189216582252,48.045055689457,145.243818576943,111.262234228216,129707.261630414,10997.3697150823,378.828204736427,32.1192109715837
475,80.0028893819898,7.98364243214655,17.6848492318083,1.76480516921134,130.250318151731,12.9979301351438,69.2714238010083,53.4789445215559,62.6741453437694,48.3857117099791,145.140126059255,112.051121854688,128889.059745947,10934.8196738073,379.833818363865,32.2046189113238
476,79.3457179866555,6.59319852326414,17.5395797654712,1.45744388408997,129.180397002835,10.7341898764721,54.9802114837916,44.1649661845444,49.7440008662876,39.9587789288735,115.196633585087,92.5361196247598,128274.295180427,10883.6195642009,380.850315598525,32.310962093999
477,76.5620506669912,6.19855415117584,16.9242427790191,1.37020670710203,124.648391261347,10.0916811443705,51.6065479531018,41.521415366728,46.6916386242349,37.5669948556111,108.12800523507,86.9972512445731,130192.227261718,11040.8471031028,381.887763683193,32.4018239999304
478,76.9406817605501,8.15225874846261,17.0079401786479,1.80207824966016,125.264829252264,13.2724493308304,72.8493246918066,54.6084318078836,65.9112937687774,49.4076287785613,152.636680306642,114.417666645089,132256.593687526,11218.2103227076,382.878750839148,32.4697244678371
479,78.1616610581604,7.04937459883736,17.2778408654881,1.55828280605879,127.252669231531,11.4768765398615,59.2420307369009,47.2206910926905,53.5999325714818,42.7234824171961,124.126159639221,98.9385908608752,130844.293196552,11103.5849929254,383.830592483566,32.5571088345384
480,75.9790439991514,6.10492989297462,16.7953676208651,1.34951081844702,123.699215493355,9.93925428189552,50.7856670214107,40.8942672256673,45.9489368288954,36.9995751089371,106.408064235337,85.6832265680649,131662.041654454,11169.9066511721,384.797163258781,32.6542939160684
481,71.9621366649735,5.32264618612767,15.9074196838362,1.17658494640717,117.15940846508,8.66564151004645,44.409113790561,35.6540892850657,40.1796743819362,32.2584617341071,93.0476669897469,74.7038061210901,133753.433124653,11338.8016193491,385.753218079027,32.7264212387078
482,71.1650378999496,7.15008623725409,15.7312189041994,1.58054537876143,115.861675738865,11.6408421546873,62.210279326589,47.8953145079221,56.2854908192948,43.3338559833581,130.345347160472,100.352087540408,136431.22953201,11564.0899508398,386.626196104856,32.7758146917315
483,67.3009324065864,4.1778511976821,14.8770482161928,0.923525001592884,109.570640830372,6.80183493236663,36.8563071020993,27.9856061088753,33.3461826161851,25.3203102889824,77.2227386901128,58.6365080376434,135875.075761299,11511.8827604525,387.428826889252,32.8389754975014
484,65.2110608726293,6.12188659871557,14.4150766139496,1.35325914287397,106.168183315439,9.96686098878605,51.8649049762377,41.0078528143627,46.925390216596,37.1023430225186,108.669324712117,85.9212154205695,139586.684750125,11818.8486381663,388.171845965877,32.8874795957273
485,58.1454832511846,2.64575183755801,12.853212087104,0.584850406197035,94.664927117718,4.30746965834007,26.8887158922954,17.7227395817283,24.3278858073149,16.0348596215637,56.3382618695713,37.1333591236212,139746.239146023,11821.1300967253,388.832554859568,32.9225750987872
486,54.0051575350517,4.21466802807367,11.9379821919588,0.931663458837337,87.9241863026806,6.86177531588133,35.0505574712367,28.2322260253738,31.7124091406427,25.5434425943858,73.4392632730674,59.1532354817356,144434.643419995,12201.9556785511,389.374825309388,32.937204568077
487,51.1768370811434,3.86275066120824,11.3127745126738,0.853871198793401,83.3194821250897,6.28882914666885,32.1780216082004,25.8748848119212,29.1134481217051,23.4106100679287,67.4206167028961,54.2140443678349,145737.481790985,12306.5350517736,389.764371777268,32.9276098648653
488,49.5176613609892,4.30870830199438,10.9460093534818,0.952451308861917,80.6182276192947,7.01487948114172,36.0047410104912,28.8621608746035,32.5757180571111,26.1133836484508,75.4385049743625,60.4730989753598,147138.928708288,12421.9950856723,390.049157912845,32.9369876217123
489,51.6457424498237,6.86788384310602,11.4164272783821,1.51816379689712,84.0828929709411,11.1813968533375,81.7734862763144,46.0049635423369,73.9855352023797,41.6235384430667,171.334923626564,96.391352183944,147667.816908948,12477.0988671268,390.272199738869,32.9481761882479
490,60.2709026659609,8.25887369754473,13.3230416419493,1.82564576472041,98.1252590772135,13.4460259496868,106.236293329753,55.3225989309216,96.1185511078714,50.0537799851195,222.590328881386,115.914016807645,144190.138984776,12201.4193728333,390.502199925151,32.9952365944499
491,68.3680688599268,6.53367898515465,15.1129415374575,1.4442869335605,111.308013863179,10.6372878916202,55.6697687315849,43.7662707139545,50.3678859952435,39.5980544554827,116.641420199511,91.700757686381,139198.826760429,11792.4769017004,390.861270098777,33.0748157027366
492,68.858078271116,6.5803202895868,15.2212594072993,1.4545971166455,112.10578357122,10.7132232083097,56.0583163823178,44.0787005044092,50.7194291078113,39.8807290277988,117.455520039142,92.3553724854288,139239.230660729,11799.893034401,391.45642275283,33.1629291048544
493,68.8561665246678,6.29664882627245,15.2208368107161,1.39189079317602,112.102671113845,10.2513861592646,52.9976287599914,42.1785088841217,47.9502355447542,38.1615080380148,111.04265073522,88.3740186143501,139281.036286969,11806.2117717375,392.157911868492,33.2336037098441
494,65.502594838426,4.60063617454663,14.4795209642837,1.01698273332083,106.64282107028,7.49015854382328,38.7643241633745,30.8176585854798,35.0724837668626,27.8826434821007,81.2204887232609,64.5703322743386,139761.696581286,11841.8942595759,392.864878497109,33.3013458031597
495,65.5494385081619,7.31032528131918,14.4898758807516,1.61596664113371,106.719085851885,11.9017225632705,68.2455266968603,48.968686094961,61.7459527257307,44.3050017049647,142.99062736485,102.601056579918,142418.535738024,12067.9432510265,393.531998108729,33.343644384374
496,69.8312440940273,7.94041472348326,15.4363802734166,1.7552495704542,113.690165823258,12.9275523919166,75.4948458834144,53.1893809228543,68.3048605611845,48.1237255968682,158.179677089059,111.444417171695,140745.220494341,11938.721959496,394.155173207291,33.3990392311986
497,72.2241792968907,6.56143294411929,15.9653448972074,1.45042201922637,117.586032258798,10.6824732844609,55.1455173609217,43.9521824007991,49.8935633265482,39.7662602673896,115.542988756217,92.0902869350075,138603.58704978,11764.5860042244,394.818844364245,33.4905326850781
498,71.0317355220017,6.12219558084658,15.7017520627583,1.35332744418714,115.644650113013,9.96736403337829,51.072887462187,41.0099225511254,46.2088029419788,37.1042156414944,107.009859444582,85.9255520118818,139222.40566067,11816.648287411,395.576722435713,33.5763054291859
499,70.2142112248098,6.47567750275886,15.5210361654843,1.43146555324143,114.313663187059,10.5428574080004,54.5546825606631,43.3777440376192,49.3589985072666,39.2465303197507,114.305049174723,90.8867017931069,140358.157283008,11913.0450273607,396.350757103025,33.6406878828886
500,64.0652603832834,3.4560561933801,14.1617944005153,0.763970316431392,104.302739711732,5.62670201308199,32.2063224757303,23.1506156494361,29.1390536685179,20.9457951113945,67.479913758673,48.5060518369137,140767.85638555,11937.7881733161,397.095203554129,33.7038696692978
501,63.7974612304583,7.51012836431291,14.1025966930487,1.66013363842707,103.866743898009,12.2270160036533,74.0882306150692,50.3070799523353,67.0322086517293,45.5159294806843,155.232483193478,105.405310376322,145158.201938943,12307.416265194,397.757318730399,33.7317249641454
502,66.8364965702512,6.17570380582612,14.7743834523713,1.36515557812998,108.81450669683,10.0544791786081,52.0400176627491,41.3683508524237,47.083825504392,37.4285079140977,109.036227483855,86.6765446431736,142817.034041678,12117.6820659011,398.339254051309,33.7736824298668
503,67.0369951012257,6.44492960334208,14.818704180271,1.42466864915983,109.140932375329,10.4927976700025,54.9816983760412,43.1717772472675,49.7453461497516,39.0601794141944,115.199748978372,90.4551523276081,143187.514836962,12152.3794414799,398.933893181263,33.8485819658736
504,69.5586156505187,8.07117669161802,15.3761150385357,1.78415484762083,113.246307585406,13.1404420523184,78.3278832714505,54.0652984127522,70.8680848646457,48.9162223734425,164.115564949706,113.279672864814,143176.148016614,12161.1974941967,399.56961536773,33.9116268954295
505,74.2988213170277,7.99659297794121,16.423949975343,1.76766792143964,120.963695056494,13.0190145325078,72.1494089903818,53.5656945890798,65.2780367055836,48.4641998663103,151.170190265562,112.232883900929,140748.363124349,11967.3855532741,400.238172861122,33.9957145956726
506,75.5274757818355,6.7472171519965,16.69554727809,1.49149010728344,122.964030746567,10.9849430123732,56.5118397948746,45.1966699176799,51.1297598144104,40.8922251636151,118.405759570213,94.6977845894245,139257.857951172,11846.0901884262,400.998723505899,34.0956457612659
507,73.084458638813,5.79501827372706,16.1555119096323,1.28100403945546,118.986627397927,9.43469641757669,48.1067710388429,38.8183042259229,43.5251737970483,35.1213228710731,100.79513931948,81.3335898066957,140139.95413171,11917.5984724239,401.843373960597,34.1831543267585
508,72.5939007884657,7.27787418182615,16.0470728058714,1.60879324019315,118.187964792449,11.8488898960257,63.1824693543509,48.7513103088833,57.1650913206032,44.108328374704,132.38231674245,102.145602551946,142215.752150415,12094.1706876912,402.674325861985,34.2437027363864
509,73.7999266331975,7.16020409004628,16.3136679926016,1.58278195674708,120.151459501065,11.6573147290578,61.2541468657908,47.9630895983962,55.4204185928583,43.3951763033108,128.342022004514,100.494092491878,141712.305877723,12057.0396331977,403.462408514221,34.3108492614597
510,74.202268581905,6.95017188421376,16.402606739158,1.53635378493146,120.806500428084,11.3153675588603,58.7351874320706,46.5561753009534,53.1413600575876,42.1222538437197,123.064202238624,97.5462720591403,141606.070402214,12051.7083598948,404.251532360424,34.3941672338333
511,71.3980351671857,5.29417217533355,15.7827235632726,1.17029069138952,116.241011640611,8.61928382229742,44.0892123797901,35.4633542845309,39.890239772191,32.0858919717185,92.3773973671792,74.3041708818744,141914.88818392,12074.2701984253,405.0614357071,34.4736795330627
512,72.7345493765903,9.03381416935663,16.0781635464042,1.99694839533147,118.416950563993,14.7076834195841,94.0421419208495,60.5135877373171,85.0857474521971,54.7503889051917,197.040678310351,126.79037430676,144548.120379596,12304.1773372468,405.843636265573,34.5296098618721
513,77.4254548472635,7.14047735805293,17.1151005451846,1.57842131072749,126.054073856597,11.6251982250406,60.084749234085,47.8309488099239,54.3623921641722,43.275620351836,125.891855538083,100.217226077936,140704.641588977,11987.5194501039,406.609728643419,34.6112989580226
514,77.0092812287418,7.05915387068962,17.0231042716166,1.56044453983665,125.376514000478,11.4927978807017,59.3295287272806,47.2861981768682,53.6790974199205,42.7827507314522,124.309488761921,99.0758437991525,141258.617404783,12036.1473207325,407.444777023267,34.7128007594621
515,77.6540376718332,7.79137314910694,17.1656293800895,1.72230353822364,126.426222735897,12.6849022497741,67.6014545363895,52.1910163098072,61.1632207710191,47.2204433279208,141.641142838149,109.352605601501,141884.626246308,12093.5457477456,408.33407367446,34.7927026125219
516,80.4326745260555,8.81411104864288,17.7798543689175,1.94838244233159,130.950038526631,14.3499913212993,80.580113551996,59.0418921918662,72.9058170232345,53.4188548402599,168.834523632754,123.706821735339,141320.18021143,12054.9102692722,409.222328464769,34.8800929404175
517,83.6366548063855,8.40553705388284,18.4881026414115,1.85806608559516,136.166343263729,13.6848041859707,72.9592643795888,56.3050328968229,66.0107630101042,50.9426488114111,152.867030128662,117.972449879057,139244.41583079,11887.2362748952,410.150523673104,34.9867071523475
518,81.6738070116814,6.21216463589671,18.0542099710033,1.37321534056664,132.970689310246,10.1138399686178,51.6190499781836,41.612586077777,46.7029499802614,37.6494826417982,108.15419995429,87.1882755915327,138516.393099957,11823.5418471197,411.157848299175,35.1003698054875
519,80.793438212107,8.08734798914939,17.8596021310974,1.78772955549618,131.537387124272,13.1667700595274,70.0599368763438,54.1736228938236,63.3875619357396,49.014230237269,146.792248693292,113.506638444202,141725.204253081,12095.5697536394,412.190673874988,35.1839487910756
520,82.6368338346399,8.36996294682103,18.2670895844993,1.85020233561307,134.538564558852,13.6268870432455,72.8826430011721,56.0667374428203,65.9414389058224,50.7270481625517,152.706490097694,117.473164165909,141144.242986495,12052.9025350859,413.182002909648,35.2631119036364
521,82.381528017245,7.03923754670788,18.2106535617068,1.55604198400911,134.122908771936,11.4603727076227,58.5527740507267,47.1527873942155,52.9763193792289,42.6620457376235,122.682002772951,98.7963164450229,140327.654829344,11985.260147376,414.172500099898,35.3679375849185
522,82.5023026276703,8.34787684576684,18.2373511071692,1.84532014485372,134.319538313119,13.5909293208274,72.6394601073005,55.9187922682946,65.7214162875575,50.5931930046475,152.196964034344,117.163183800236,142047.127260085,12134.1812155686,415.187476050209,35.4607929309856
523,82.8251782004668,7.39488081392166,18.3087236022085,1.63465786413005,134.845202403567,12.0393849040689,61.8178194191253,49.5350867918197,55.9304080458753,44.8174594783131,129.523050211501,103.787800897146,141257.579043599,12070.0882952632,416.19769233042,35.5531176001325
524,84.028886034532,8.96567070961899,18.5748063865808,1.98188510423157,136.80492322815,14.5967410851341,80.1228787477338,60.0571243706535,72.4921283908068,54.3373982401151,167.876507852395,125.833974871845,142386.69729707,12171.7579561569,417.209166062019,35.649425015329
525,86.4251606906307,8.44517880703472,19.1045092052973,1.86682899944978,140.706226527904,13.7493437419793,72.2951503588832,56.5705757409024,65.4098979437515,51.1829018608165,151.475553132898,118.528825361891,140626.19086828,12028.9778480222,418.237818291187,35.7525638910669
526,85.8564005567951,7.45467929037456,18.9787832809758,1.64787647471438,139.780245117028,12.1367410201186,62.0703573277886,49.9356507489206,56.1588947251421,45.1798744871186,130.052177258224,104.627077759643,140361.707369755,12007.5613637693,419.309482179722,35.8671769566022
527,83.2584762155895,6.85198542098726,18.4045052687093,1.51464940884982,135.550641979065,11.1555131064494,56.8591031917281,45.8984669348428,51.4439505068016,41.5271843696197,119.133359068383,96.1682164349088,142022.296285617,12145.2503073571,420.409115464591,35.9648535660146
528,84.2734254189701,9.38074333735162,18.6288624610355,2.07363800088825,137.203050506674,15.2725084509865,86.8611875817905,62.8375151784319,78.5886935263819,56.8529899233431,181.99486921899,131.659555611953,144304.178108332,12344.7289099752,421.466386633279,36.0423320540053
529,88.3686518501657,9.1661716815678,19.5341230405629,2.02620637171499,143.870366520971,14.9231707377104,80.4973385222187,61.4001930822723,72.8309253296264,55.5525556458655,168.66109023703,128.648023600952,141668.785981832,12130.1960199355,422.496403727226,36.1431223809514
530,90.9735067875512,9.27072529212253,20.1099330793534,2.04931822246919,148.111253155873,15.0933913527889,80.8298473000933,62.1005521960361,73.1317666048463,56.1862138916517,169.357775295434,130.115442696457,140227.634946908,12014.9950284267,423.583331637815,36.2687433786789
531,93.146445786944,9.34377808082474,20.5902669634297,2.06546673365599,151.648950333832,15.2123264193076,80.8813757165047,62.5899010198786,73.178387553028,56.6289580656045,169.465739596486,131.140744994031,138994.51765344,11916.4333570141,424.76081193545,36.3943886353581
532,94.9801323035301,9.44215879168979,20.9956081934119,2.08721404868932,154.634320662589,15.3724971205055,81.3598774945505,63.248910566343,73.6113177331648,57.2252047981199,170.468314750487,132.521526900909,137995.450157951,11837.0256184867,426.00259314683,36.5225305058912
533,92.8388761836275,7.21041321412298,20.5222778932229,1.5938808157535,151.1482054358,11.739058706502,59.7928220717979,48.299418659197,54.0982675887695,43.6994740249878,125.280198626624,101.198781952603,137106.511774399,11758.6686023715,427.298138320594,36.6529403994347
534,90.7968088270209,8.40015738960806,20.0708735301836,1.8568768966502,147.823576476273,13.676045715011,70.5750757991479,56.268996868188,63.8536400087529,50.9100447855034,147.871587388691,117.89694581906,141477.969876073,12128.51812931,428.59845363766,36.7578980355562
535,88.3011630560376,7.08741779094215,19.5192044650188,1.56669235378722,143.760490028075,11.5388135263058,58.7028671061918,47.4755258723398,53.1121178579831,42.9540472178312,122.996483460592,99.472530399188,142252.70558228,12191.5510117908,429.837419047535,36.8487824227363
536,89.8289412041299,10.5509513266785,19.8569238451235,2.33231555642366,146.247820065671,17.1776891774695,103.045886359183,70.6762289825351,93.2319924202127,63.945159555627,215.905666657335,148.083527391978,145332.144670051,12461.1242658437,431.004911598936,36.9386181062933
537,95.7251906490369,10.0154820925746,21.1603053013661,2.21394867309544,155.847327933871,16.30590768756,88.2232076752513,67.0893537301647,79.8209974204655,60.699891470149,184.848625605289,140.568169720345,140629.699949742,12070.7962293604,432.156231084898,37.0541046513388
538,97.5058555694572,9.22573557524983,21.5539259679853,2.03937312716049,158.746375383257,15.0201449365471,77.9599309132281,61.7991856715299,70.5351755881588,55.913548940908,163.344617151526,129.484008073682,138377.117876687,11883.3313971849,433.39363564646,37.1998679145279
539,97.4394262538014,9.05490831500846,21.5392415929456,2.00161131173871,158.638223795663,14.7420261689962,76.0974257737897,60.6548882345064,68.8500518905716,54.8782322121724,159.442225430797,127.086432491347,138778.780165999,11919.6499466423,434.740643576449,37.3339697972907
540,98.5941977305446,10.0580960919394,21.794506866752,2.22336860979713,160.518272796395,16.375286268982,87.632732627804,67.3748063574888,79.2867580918227,60.958158132966,183.611439791589,141.1662609395,139671.066891836,12000.8395444169,436.112439201352,37.457510481347
541,99.2575866801802,8.97987959296158,21.9411507398293,1.98502601528624,161.598316560013,14.6198741443304,75.1022201897866,60.1523034935225,67.9496277907593,54.4235126846156,157.357032778601,126.033397795952,137792.071430598,11842.8710633195,437.492672165373,37.5903147112118
542,97.1300949514606,8.23483947180134,21.4708630945334,1.82033293587188,158.134610727992,13.4068965435643,68.3402311027208,55.1616041173295,61.8316376643665,49.9081180109172,143.189055643796,115.576694341071,139512.059468308,11987.6748638598,438.897637217756,37.7221132798157
543,96.7427366079168,9.54282822733362,21.385236513329,2.10946729235796,157.503964161661,15.5363940262554,81.8329862964881,63.9232512835745,74.0393685539654,57.8353225899007,171.459590335499,133.934431260823,142621.585128266,12254.9910489646,440.284803229074,37.8317909485636
544,98.0463745422179,9.57299327415727,21.6734091093324,2.11613535534003,159.626378202067,15.5855048393297,81.748148443109,64.1253137981826,73.9626104961463,58.0181410554986,171.281834833181,134.357800339049,141950.934896786,12202.4143159007,441.627663122624,37.9475733191126
545,97.4087187321093,8.50657248842699,21.5324536144663,1.88040023428386,158.588229795434,13.8492969636145,70.7389812760746,56.9818252813291,64.0019354402579,51.5549847783454,148.215008387966,119.390491065642,141497.950906738,12164.3059312326,442.971165613053,38.0787748720233
546,94.7034097294586,7.91923975657879,20.9344379401961,1.75056878829637,154.183796892873,12.8930780598335,65.6607962742598,53.0475390392838,59.4073871052827,47.9953924641139,137.575001717497,111.147224653737,143879.526844782,12364.3864854252,444.326408125393,38.1978843306741
547,95.6425046058575,10.4108165827975,21.1420273339264,2.30133840251313,155.712709253045,16.9495399804141,94.1039535046806,69.7375273488825,85.1416722185205,63.0958580775604,197.170188295521,146.116723969087,146874.876388145,12625.4251259229,445.635719330732,38.2960132434956
548,97.6303242167595,8.91784547653938,21.5814400900205,1.97131321060344,158.949019075707,14.5188782495238,74.6471578403488,59.7367639576801,67.5379047126965,54.0475483426629,156.40356880835,125.162743530377,143667.514878079,12355.8620202634,446.91024135205,38.4165892013227
549,97.2962782697335,9.16174963560775,21.5075983543622,2.02522886681856,158.405168832127,14.9159713365684,77.2115127417055,61.3705717217744,69.8580353377335,55.5257553673197,161.776502887383,128.585959798004,144960.784534062,12468.1648064118,448.217529425136,38.5481293620216
550,97.6351291969884,9.36772932581824,21.5825022435448,2.0707612193914,158.956841920711,15.2513207269462,79.4132586923215,62.7503399815576,71.8500911978147,56.7741171261711,166.38968487915,131.476902818502,145496.369267185,12517.0689450243,449.547474409959,38.6658503350783
551,98.2286898137165,9.42279550537984,21.7137103798742,2.08293374329449,159.923200258121,15.3409723315658,79.8650248230221,63.1192043422573,72.2588319827343,57.1078515477566,167.336242486332,132.249761479015,145561.762193151,12526.1716420732,450.870940820197,38.788477540568
552,98.6865064797128,9.38851681309318,21.8149119586734,2.07535634815744,160.668557917848,15.2851642150008,79.3504112149788,62.8895863078012,71.7932291945046,56.9001018975343,166.258004450432,131.768657025869,145629.574865056,12535.160467219,452.202854410955,38.913863682626
553,100.099007972972,10.1859527410418,22.1271491308676,2.25163165854609,162.968209471787,16.5834458661173,88.5103916401527,68.2312623801846,80.0808305315667,61.7330469154052,185.450344388891,142.960740225149,145921.150046404,12565.5552749054,453.546147074861,39.0392798862484
554,101.73121362758,9.80644507994388,22.4879524860966,2.16774049135602,165.625554818235,15.9655807617332,83.2199112898573,65.6891057986671,75.2942054527281,59.4330004845083,174.365528416844,137.634316911493,144192.097156283,12422.2482288008,454.909804295606,39.1731718750506
555,103.780221492844,10.8271046233309,22.9408910668393,2.39335996936788,168.961483412912,17.6272861235983,95.006552273289,72.5260596778144,85.9583091996424,65.618815898975,199.061347620225,151.959363134468,144073.034053386,12418.5359050073,456.313269242794,39.3117016287368
556,105.509535520628,9.94095753396102,23.3231604835073,2.19747482329665,171.776928005514,16.1845764763435,83.7207713476725,66.5901461605044,75.7473645526561,60.2482274785517,175.414949490361,139.522211002962,140732.002173676,12135.9333389272,457.76472690367,39.4575413397113
557,105.22824491663,10.1311939648144,23.260980455255,2.23952708695898,171.318967162513,16.4942947356979,85.9031551213053,67.8644571805752,77.7219022526096,61.4011755443299,179.987563111306,142.192195997396,142334.222361858,12276.7197802758,459.272084722413,39.6050316810166
558,104.435794630346,10.566677551697,23.0858072340764,2.33579187984881,170.028802485896,17.2032925753944,91.5095747458788,70.7815721166307,82.7943771510332,64.0404700102848,191.734347086603,148.304246339607,144919.797427617,12505.007485212,460.800046910757,39.7452766930441
559,105.366207894012,10.1067798597496,23.2914775344659,2.23413028478676,171.543580571304,16.4545468593818,85.5752812973261,67.7009177208108,77.4252545071046,61.2532112712097,179.300589384874,141.849541891222,143511.616949416,12388.5698580374,462.301742552547,39.8916287054131
560,105.918998226334,10.1303879679797,23.413673292137,2.23934891923763,172.443562024628,16.4929825162898,85.6844884872111,67.8590581587159,77.5240610122386,61.3962907150287,179.529404449395,142.180883761119,143478.657045896,12388.73022087,463.800640892692,40.0373625636655
561,105.880738769886,9.81338624084436,23.4052159386064,2.16927485323928,172.381272944656,15.9768814587782,82.2547836512143,65.7356016133115,74.4209947320511,59.4750681263294,172.343356221592,137.731736713605,143553.674839881,12396.9424802306,465.320529715548,40.1783138173242
562,105.443464808476,9.80431191985213,23.3085553787157,2.16726895070416,171.669360249588,15.9621078274084,82.2182073118308,65.6748166880047,74.3879018535612,59.4200722415281,172.266720081931,137.604377822486,144922.087358797,12515.8037179895,466.84582473029,40.3156578385928
563,107.046209268937,11.1952183842586,23.6628462594492,2.47473248494138,174.278740704514,18.2266011589333,98.2245026465627,74.9918934830721,88.8697881087949,67.8498083894462,205.803719830893,157.12587205977,146121.040550296,12624.6311550159,468.360402248357,40.4486781183752
564,108.424993842841,9.97974111531665,23.9676302178912,2.20604803601737,176.523498747643,16.2477188684453,83.5142823428924,66.8499404853746,75.5605411673788,60.4832794867675,174.982305861298,140.066541969356,141813.108822222,12256.8660363068,469.880232755585,40.5969229566937
565,106.913475707832,9.41780889999085,23.6335051564681,2.08183144105061,174.0626411524,15.3328537880553,78.2338322210388,63.0858012439578,70.7829910571303,57.0776296969142,163.918505605986,132.179774034959,143858.743174233,12431.9739114549,471.445731612803,40.7469184178925
566,106.334316471278,10.1837888286395,23.5054804831245,2.25115332001505,173.119729272536,16.5799228648728,86.1155421176939,68.2167672731835,77.9140619160087,61.719932294785,180.432564437073,142.930369524765,147385.714718328,12736.5536356135,473.014473043161,40.8769287070096
567,106.970290776034,10.3051895692479,23.6460642768074,2.27798927320216,174.155140070455,16.7775717899334,87.2951812164204,69.029977975823,78.9813544339042,62.455694359078,182.904189215357,144.634239568391,147449.740910464,12745.3174486576,474.541118137631,41.0081697199405
568,108.340580637139,10.8304050547024,23.9489704566308,2.39408953840789,176.386068125027,17.6326594574803,93.1203181345723,72.5481678305421,84.2517164074702,65.6388185133476,195.109237996247,152.005684978279,147261.602576026,12733.8632922142,476.055281398494,41.149449616315
569,109.305147762539,10.2971912537884,24.162190558035,2.27622122452165,177.956451094099,16.7645499710801,86.5852513419594,68.9764007430803,78.3390369284394,62.4072197199298,181.416717097439,144.521982509311,145146.657362114,12554.7892871748,477.592585834406,41.2979255352777
570,110.058130009342,10.8225067180142,24.328639265223,2.39234359029787,179.182359032753,17.6198004110827,92.3591681803296,72.4952603120566,83.5630569250601,65.5909498061465,193.514447615929,151.894831130023,145994.106485633,12631.3492522913,479.164342865531,41.4464064687071
571,111.080454939442,10.6656991680401,24.5546268813504,2.35768086872466,180.846775761056,17.3645067156863,90.2114233194759,71.444874809838,81.6198591938115,64.6406010184249,189.014410764616,149.694023411089,144340.4322388,12492.1058509217,480.758985429661,41.5950670703059
572,111.503572772662,10.586996824998,24.6481581918515,2.34028350868376,181.535641286017,17.2363737782423,89.2030620809627,70.917682081326,80.7075323589662,64.1636171211997,186.901653883922,148.589429122778,144000.489959221,12465.2075237539,482.376335339537,41.7478051546347
573,112.057764397132,10.8231769349931,24.7706637088396,2.3924917435248,182.437904141295,17.6208915713572,91.6923146009556,72.4997498037817,82.9597132103884,65.595011727231,192.117230592478,151.904237684114,144455.175087504,12507.3048784527,484.015989636519,41.8981890779879
574,112.690968510465,10.7688877579262,24.9106351444187,2.38049097806791,183.468804873179,17.5325049813255,90.9093946773385,72.136090244482,82.2513570890205,65.2659864116742,190.476826942995,151.142284321772,143507.813527188,12428.1877909901,485.665917109225,42.0502186278812
575,113.030505307332,10.7308002942778,24.9856906468839,2.37207164399825,184.021594605621,17.4704959177014,90.3814045728687,71.8809589090377,81.773651756405,65.0351532986532,189.370561962201,150.60772342846,143355.403187057,12417.2414729163,487.330635385987,42.2042291915496
576,113.276499196487,10.7626318843538,25.040068243434,2.37910810075188,184.422089919895,17.5223199801408,90.6605537875856,72.0941848712692,82.0262153316251,65.2280720263864,189.955446031132,151.054482587421,143848.989385061,12462.0273152705,489.009440895273,42.3573034230817
577,113.594837342781,10.8294029473875,25.1104377284041,2.39386801994882,184.940366761579,17.6310279564484,91.3138072823184,72.5414551499642,82.6172542078118,65.6327451356819,191.324167639143,151.991620314211,144271.101370304,12500.7787611212,490.693262928098,42.5100855568767
578,114.13505501188,10.9805042752229,25.2298542657841,2.42726936610192,185.819879036886,17.8770315217665,92.8571639799214,73.5536171546035,84.0136245532622,66.548510758927,194.557867386502,154.112340704883,144333.812184609,12508.8441160843,492.380019298023,42.6636632643612
579,114.62576588706,10.9114497941168,25.3383271960871,2.41200469133109,186.61879077753,17.7646059805972,91.9365393368619,73.0910512524571,83.180678447637,66.1299987522231,192.628939562949,153.143155005148,143069.783267775,12401.786333677,494.074478594818,42.8194928196957
580,114.84088953743,10.8744658102216,25.3858808451162,2.40382928436477,186.969027176729,17.7043934594484,91.4695106087268,72.8433116474171,82.758128645991,65.9058533952821,191.65040318019,152.624081546969,143171.902389895,12412.5425067264,495.784212775618,42.9762996351613
581,114.993831335324,10.9032831742585,25.419689032019,2.4101994385203,187.218027156457,17.7513101503717,91.7384298940076,73.0363466218271,83.0014365707688,66.080504086415,192.213853111254,153.028535779066,144206.706980927,12504.0173095879,497.505041744269,43.1320837041368
582,115.138347699901,10.9018136047413,25.451634754715,2.40987458631124,187.453309939488,17.7489175880701,91.6772669148039,73.0265026154921,82.9460986372035,66.0715976044929,192.085702107208,153.007910241984,144992.497880059,12573.9202494514,499.22582865335,43.28736529363
583,115.519731850709,11.0907609234029,25.5359407248937,2.45164188833116,188.074230100804,18.056537082312,93.673868205698,74.2921784342775,84.7525474242029,67.2167328691082,196.269057192891,155.659802433724,145963.088886747,12660.3381567231,500.943537663555,43.4424138086794
584,115.508775974186,10.7354234120579,25.5335188995569,2.37309359634963,188.05639316499,17.4780226778767,89.8347244014071,71.9119271621101,81.2790363631779,65.06317219429,188.225136841043,150.67260929204,144679.892996487,12550.5328126446,502.661029325081,43.5990952096102
585,115.61238552569,11.10613493063,25.5564220635736,2.45504035308664,188.225076785685,18.0815670449556,93.8009508092375,74.3951622147466,84.8675269226435,67.3099086704851,196.535325505069,155.875577973755,148289.712150169,12865.166087534,504.383400635886,43.7536985183398
586,116.187713451822,11.1340606043841,25.6835998156659,2.46121339675859,189.161751023317,18.1270320015236,93.9499452707277,74.5822241441996,85.0023314354203,67.4791551780853,196.847504376763,156.267517254514,147458.533638317,12795.768437745,506.09910618483,43.9076249013605
587,116.572867222981,11.0844894490896,25.7687390703431,2.45025556243034,189.788808391098,18.0463266820266,93.2821946741125,74.250168558495,84.3981761337209,67.1787239338764,195.448407888617,155.571781741609,146598.218830706,12723.3923779539,507.812497201118,44.0656160322082
588,116.826140584592,11.1106708193082,25.8247258134362,2.45604302321549,190.201155197371,18.0889517900315,93.4978516069977,74.4255461580451,84.5932943110932,67.337398904898,195.9002605099,155.939239569237,147024.288064028,12762.3644167341,509.541748027637,44.2235904693423
589,117.109709098133,11.1189597412363,25.8874093795873,2.45787531122066,190.66282463696,18.1024467366093,93.510572595377,74.4810700369898,84.6048037767697,67.3876347953717,195.926914009361,156.055575315598,147046.193096509,12766.1864837951,511.279003000719,44.3812994495031
590,117.448730016548,11.0948121515537,25.9623508457633,2.45253742297503,191.214774483082,18.0631327660383,93.1518401554094,74.319315847728,84.2802363310847,67.241285766992,195.175284135144,155.716661776192,143655.666276538,12473.2807425978,513.020361551253,44.5391578498662
591,117.72086334786,11.271325687507,26.0225066347901,2.49155620460681,191.657826643534,18.3505091894851,95.0280069426266,75.5017031699035,85.9777205671383,68.3110647727698,199.106300260741,158.194044736941,141971.077120723,12328.7933233047,514.779766901942,44.6971060704042
592,118.074488574102,11.2241626256392,26.1006764216436,2.48113068566762,192.233553327661,18.2737244150758,94.4003998218507,75.1857783535642,85.4098855531031,68.0252280341772,197.791313912449,157.532107026516,145230.019431859,12613.8237155434,516.561282378278,44.8582726737191
593,118.318956246027,11.2553310089055,26.1547166438587,2.48802053881069,192.631563853181,18.3244687302883,94.6727462654268,75.3945617821421,85.6562942401481,68.2141273267,198.361944556132,157.969558019726,146860.495905808,12757.3149995521,518.344414608502,45.0203414926617
594,118.55752380379,11.2694806986904,26.2074526303115,2.49114836497367,193.019968578802,18.3475054182188,94.7603811154762,75.4893443931416,85.7355829140023,68.2998830223662,198.545560432426,158.168150157059,146479.830927106,12726.1159318992,520.117775741335,45.1810152285901
595,118.636767917374,11.1941895132201,26.2249697501564,2.47450505029076,193.148983556707,18.2249260846812,93.9020369764984,74.9850015239624,84.9589858358795,67.8435728073946,196.747125093616,157.111431764493,146282.508592286,12710.5178476563,521.891990115013,45.3417916179765
596,118.892070168627,11.3924807383241,26.2814049846438,2.51833784741901,193.564633537694,18.5477581143241,96.0230990758546,76.3132681036062,86.8780420210114,69.0453378080247,201.191255206553,159.894466502794,144127.875770246,12525.032960102,523.67104385196,45.5018868163719
597,119.278566244536,11.357251923128,26.3668409593185,2.51055042511251,194.193876271806,18.4904031309874,95.5178347209373,76.07728560947,86.420898080848,68.8318298371395,200.132606081964,159.40002699127,146915.683936596,12769.4032080815,525.461104943969,45.6637387008069
598,119.534593944915,11.3697255680429,26.4234365562443,2.51330775714634,194.610707334878,18.5107111002524,95.5829736910453,76.1608411256466,86.4798333395172,68.9074276851088,200.269087733619,159.575095691831,148820.360566346,12936.8482662749,527.255750018809,45.8272465224014
599,119.734938567923,11.3682143949421,26.467723262383,2.51297370835562,194.936882440408,18.5082508043969,95.5079744303297,76.1507184350187,86.4119768655364,68.898269060255,200.111946425453,159.553886244801,148689.129218531,12927.2393301839,529.041936705563,45.989239883644
600,119.915735868678,11.3931291708095,26.5076889814973,2.5184811851263,195.231233133567,18.5488138079143,95.7274640146174,76.317611670494,86.610562679892,69.0492677018755,200.57182936396,159.903567309606,147854.147793158,12856.3568683133,530.8269520454,46.1508321964651
601,120.138955106574,11.4339603696793,26.5570321814533,2.52750702908702,195.59464971737,18.6152898650218,96.1109445279413,76.5911220935458,86.9575212395659,69.2967295132081,201.375312344258,160.476636767429,147834.991794159,12856.4819854442,532.618830630235,46.3127877274397
602,120.303887455761,11.4010934911492,26.5934909112734,2.52024171909614,195.863171156045,18.5617802803271,95.7000662633466,76.3709611847314,86.585774238266,69.0975363099951,200.514424551774,160.015347244199,148407.17568617,12907.9353986394,534.417336939275,46.4756468119228
603,120.273104923902,11.3286479123785,26.5866863515994,2.50422743326262,195.813055034002,18.4438337941882,94.907582793708,75.8856797958369,85.8687653847834,68.6584721962334,198.853982996341,158.998567191277,147792.856854252,12855.784068716,536.217856436698,46.6383476302947
604,120.303628109635,11.4264747374334,26.5934335821298,2.52585231038002,195.862748922352,18.6031027304179,95.9600839267586,76.5409791024248,86.8210283146863,69.251362045051,201.059223465589,160.371575262223,146447.093045451,12740.0307183826,538.019466216047,46.799704868418
605,120.716038017288,11.6089553026531,26.6845978775057,2.56619011953385,196.534181193058,18.9001938962493,97.8737143482284,77.763336955571,88.5524082198257,70.3573048645642,205.06873482486,162.932706002149,146645.962112397,12759.4018173967,539.826768024754,46.9617352193266
606,121.12837992326,11.525467494009,26.7757471409313,2.5477349197283,197.205502752255,18.764269884983,96.8255296751843,77.2040884766151,87.6040506585001,69.8513181455089,202.872538367053,161.760947284336,148876.533385009,12955.6241033196,541.641978421879,47.1272958648363
607,120.848395288105,11.2115161945057,26.7138558005286,2.47833515878546,196.749668118178,18.2531351377215,93.6008289388373,75.1010654177413,84.6864642779956,67.948582997004,196.116022538516,157.35461325622,149297.250677676,12993.0966065549,543.458325579718,47.2931604594929
608,120.479617275994,11.3533597391399,26.6323364504829,2.50969004759935,196.149271635302,18.484066382319,95.0830210410335,76.0512135636165,86.0274952276018,68.8082408432721,199.221567895499,159.345399847578,146276.935416774,12730.6137914725,545.267071064533,47.4537052662156
609,120.357206267022,11.3481988099288,26.6052771748155,2.50854921061583,195.949977922451,18.4756640273928,95.0458117703924,76.0166427459343,85.9938296970217,68.7769624844168,199.143605614155,159.272965753386,145737.970700335,12684.7093213759,547.076479456683,47.6125600698277
610,120.459468694947,11.4833402357185,26.6278825536199,2.53842257842198,196.116468331422,18.6956837521872,96.4898765930639,76.9218963158174,87.3003645365816,69.5960014285967,202.16926524261,161.169687518855,145345.367822605,12651.9345710009,548.890510039261,47.7742110422687
611,120.823429908851,11.565107012392,26.708337137746,2.55649733958139,196.709022728796,18.8288058026312,97.2909431982314,77.4696163509512,88.0251390841141,70.0915576508606,203.84769051058,162.317291401993,145934.997226645,12705.1895484815,550.706616854925,47.9375723399021
612,118.683485075026,9.99377351374861,26.2352967007953,2.20914993461811,193.225042367762,16.2705645978223,82.454986621973,66.9439374126701,74.6021307532137,60.5683243257491,172.762829112705,140.263487912261,146885.550578675,12785.6343728472,552.526713686613,48.1033114838493
613,117.235789419052,11.1544726005479,25.9152797663167,2.46572552222638,190.868092247158,18.1602641636991,93.6515857862425,74.7189552189812,84.7323871399337,67.6028642457449,196.222370218794,156.554001411199,139854.197170144,12170.8241201296,554.322053366681,48.2508937824767
614,118.885351545061,12.2011775470239,26.2799198152239,2.69710240513159,193.553695147046,19.8643732695406,105.640458857228,81.7303759130785,95.5794627755872,73.9465305880234,221.341913796097,171.244597151212,140270.456288401,12211.0980293997,556.096979283876,48.3943897684056
615,119.401253158518,10.745843933664,26.3939612245146,2.3753970800731,194.393619177377,17.4949880183162,89.1602022831743,71.9817296991849,80.6687544466815,65.1263268706911,186.811852402841,150.818862226864,145408.703626327,12660.6654838437,557.892284306451,48.566729971314
616,118.647720901385,11.2191250994406,26.2273909360957,2.48001712724476,193.166815783308,18.2655229689138,93.9863690841811,75.1520341589321,85.0352863142591,67.9946975723672,196.923820938284,157.461404904429,142485.907906912,12405.5922112686,559.695563577007,48.7324219700756
617,118.601040412555,11.2058565335959,26.2170720911964,2.47708407584752,193.090816671669,18.2439208125912,93.8474259717451,75.0631538135611,84.9095758791979,67.9142820217934,196.632702036037,157.27517941889,142547.605542447,12412.0548549388,561.487066582383,48.8860946478523
618,118.925290655591,11.4602685690602,26.2887484607095,2.53332252579226,193.618718821734,18.6581214598033,96.5759553734183,76.767349266432,87.3782453378547,69.4561731458195,202.3496207824,160.845874653477,142572.779712768,12415.9614073342,563.277436385437,49.0462846595027
619,117.424817036449,10.1473731132368,25.9570648185835,2.24310353029445,191.175842473377,16.5206355247083,83.7845888882176,67.9728342513468,75.8051042321969,61.4992309893137,175.548662432456,142.419271764726,143665.712095083,12509.9775402652,565.070076782257,49.2091707821249
620,115.251454566248,10.3976826102082,25.4766373251707,2.29843510330918,187.637455855225,16.9281569513565,86.2811127292752,69.6495485851266,78.0638638979157,63.016258243686,180.77947428991,145.932387511694,139638.638953993,12155.9420554808,566.845902091721,49.3592340200533
621,114.58123236573,10.8549327866044,25.3284829440036,2.3995114580915,186.546287079645,17.6725923262612,90.9553694749798,72.7124684270151,82.2929533345055,65.787471433966,190.573155090434,152.349933847079,137908.620947573,12004.9908438497,568.588805742303,49.4972783161807
622,114.949520240295,11.0902234933335,25.4098939478548,2.45152308800004,187.1458855842,18.0556621084447,93.4689521928111,74.2885784242437,84.5671472220672,67.2134757171728,195.839709356366,155.652259555558,138119.102904347,12025.0374329136,570.316661443385,49.6462530890331
623,115.013215591431,10.751596145614,25.4239739728426,2.37666862166203,187.249586085698,17.5043530230346,89.787203745985,72.0202612624859,81.2360414844626,65.1611887612967,188.125569753492,150.899595026161,139056.938724539,12108.0121422384,572.045063489564,49.8038515826396
